0 2951
1 471
2 3363
3 1801
4 1824
5 974
6 1904
7 2276
8 3458
9 3045
10 3163
11 3143
12 1209
13 3198
14 1654
15 80
16 3882
17 2489
18 1049
19 69
20 1562
21 2237
22 3784
23 3499
24 753
25 2527
26 331
27 1550
28 39
29 800
30 386
31 3504
32 1576
33 588
34 1954
35 833
36 1412
37 891
38 970
39 720
40 3651
41 3170
42 149
43 547
44 2864
45 1807
46 1812
47 3896
48 3752
49 3997
50 2174
51 1859
52 2803
53 875
54 3716
55 2603
56 1908
57 575
58 1047
59 207
60 3843
61 2875
62 2355
63 1240
64 2295
65 1762
66 998
67 1377
68 2377
69 1105
70 2667
71 1421
72 3829
73 1752
74 3602
75 713
76 1120
77 1432
78 393
79 1348
80 3049
81 3351
82 3263
83 3072
84 1217
85 1492
86 2413
87 1294
88 3103
89 2627
90 1103
91 3302
92 3713
93 987
94 3366
95 2704
96 3473
97 977
98 2817
99 1825
