4 0
0 1
22 2
0 3
40 4
19 4
2 5
19 6
40 6
1 6
4 7
24 8
17 9
1 10
19 10
68 11
35 11
17 12
3 13
16 13
69 14
41 15
88 15
42 16
1 17
3 18
41 18
35 19
68 19
5 20
14 20
68 21
2 21
66 22
21 23
58 24
5 24
59 25
89 26
10 27
5 28
90 29
31 30
1 31
58 31
16 32
60 33
0 33
5 34
83 35
1 36
37 37
2 38
25 39
38 40
0 40
3 41
69 42
70 42
69 43
24 44
6 45
24 46
68 47
96 48
42 49
6 50
3 51
16 51
61 52
11 53
92 54
61 55
42 56
2 57
42 58
1 59
24 60
69 61
3 62
16 62
38 63
0 63
6 64
46 65
31 66
59 67
48 67
4 68
40 69
19 69
48 70
69 71
3 72
4 73
5 74
4 74
0 75
9 76
1 77
0 78
71 79
42 80
24 81
0 82
4 83
4 84
3 85
1 86
71 87
3 88
16 88
72 88
38 89
0 89
37 90
91 90
37 91
91 91
30 92
40 93
19 93
37 94
91 94
38 95
0 95
16 96
3 96
72 96
42 97
48 98
24 99
31 100
68 101
35 101
42 102
19 103
1 103
62 104
42 105
0 106
19 107
40 107
73 108
2 109
2 110
1 111
71 112
1 113
71 114
11 115
2 116
11 117
11 118
74 119
21 120
35 121
2 121
92 122
16 123
21 124
47 125
6 126
73 127
42 128
92 129
78 130
0 131
0 132
4 133
53 134
24 135
6 136
35 137
50 138
25 138
6 139
73 140
93 141
19 142
40 142
94 143
11 144
0 145
42 146
27 147
1 147
9 147
10 148
1 149
50 150
25 150
4 150
95 151
24 151
19 152
40 152
1 152
17 153
0 154
31 155
11 156
72 157
64 158
0 159
2 160
4 161
3 162
3 163
16 163
1 164
0 165
35 166
2 167
51 168
47 169
5 170
11 171
1 172
58 172
20 173
3 174
24 175
19 176
40 176
21 177
42 178
0 179
19 180
40 180
1 180
92 181
39 182
45 182
4 183
92 184
38 185
0 185
73 186
6 187
10 188
5 188
3 189
9 190
78 191
50 192
19 192
1 192
2 193
5 194
61 195
95 196
60 197
0 197
11 198
24 199
2 200
53 201
31 202
42 203
19 204
25 204
2 205
75 206
96 207
42 208
0 209
37 210
91 210
10 211
35 211
90 212
16 213
47 214
61 215
24 216
24 217
2 218
11 219
19 220
61 221
16 222
73 223
71 224
10 225
0 226
64 227
11 228
45 229
61 230
0 231
16 232
4 233
42 233
6 234
0 235
3 236
41 236
53 237
81 238
92 239
92 240
92 241
92 242
92 243
92 244
4 245
66 245
43 246
0 247
24 248
97 249
52 250
68 251
2 251
15 252
68 253
35 253
2 253
24 254
15 255
75 256
2 257
48 258
32 259
15 260
8 261
5 262
48 263
43 264
43 265
43 266
52 267
2 268
2 269
32 270
85 271
56 272
59 273
52 273
2 274
24 275
43 276
33 277
80 277
43 278
24 279
59 280
48 280
63 281
75 282
78 283
24 283
15 284
24 285
43 286
43 287
15 288
59 289
52 289
2 290
93 291
56 292
48 293
43 293
15 294
77 295
43 296
8 297
77 298
15 299
20 300
38 301
0 301
43 302
97 303
43 304
38 305
33 306
0 307
33 308
80 308
98 308
48 309
33 310
80 310
35 310
66 311
2 312
52 313
0 314
18 315
56 316
33 317
66 318
43 319
0 320
15 321
32 322
15 323
78 324
33 324
5 325
15 326
48 327
5 328
2 329
2 330
43 330
76 331
4 331
66 332
24 333
48 334
18 335
66 336
4 337
66 337
2 338
15 339
15 340
0 341
52 342
43 343
2 344
0 345
5 346
77 347
4 348
93 349
77 350
52 351
5 351
0 352
85 353
15 354
68 355
44 355
15 356
4 357
5 358
2 359
15 360
48 361
85 362
85 363
18 364
32 365
52 366
2 367
18 368
0 369
0 370
66 371
2 372
43 373
9 374
77 375
97 376
18 377
48 378
80 379
53 379
63 380
0 381
42 382
48 383
52 384
43 385
43 386
78 387
24 387
2 388
43 388
43 389
44 390
0 391
43 392
43 393
52 394
94 394
78 395
43 396
43 397
43 398
18 399
35 400
2 400
43 401
61 402
53 402
2 403
14 404
48 405
43 406
0 407
24 408
77 409
80 410
53 410
33 411
80 411
32 412
67 413
15 414
15 415
42 416
2 417
2 418
0 419
76 420
2 421
15 422
77 423
52 424
18 425
14 426
98 426
5 426
56 427
43 428
43 429
0 430
38 430
58 430
64 431
75 432
43 433
53 434
43 435
61 436
93 437
42 438
0 438
33 439
43 440
18 441
5 442
79 443
32 444
85 445
53 446
15 447
4 448
20 449
18 450
74 451
18 452
26 453
7 454
32 455
48 456
67 457
80 458
53 458
33 458
48 459
15 460
33 461
80 461
67 462
32 463
64 464
80 465
4 466
66 466
50 467
7 468
99 469
34 469
29 470
25 471
50 471
22 472
20 473
96 474
90 475
51 476
99 477
34 477
81 478
1 479
21 480
17 481
13 482
34 482
22 483
29 484
27 485
1 485
9 485
81 486
65 487
17 488
34 489
8 490
16 491
8 492
10 493
96 494
99 495
96 496
22 496
89 497
21 498
99 499
54 500
51 501
13 502
34 502
99 502
8 503
90 504
81 505
99 506
22 507
27 508
9 508
17 509
13 510
21 511
77 512
8 513
29 514
22 515
50 516
4 516
1 516
82 517
83 518
83 519
8 520
20 521
29 522
16 523
31 524
41 525
88 525
16 526
3 526
31 527
11 528
21 529
46 530
47 531
72 532
95 533
24 533
47 534
46 535
25 536
69 537
1 538
11 539
36 540
60 541
51 542
11 543
95 544
72 545
1 546
72 547
21 548
11 549
46 550
47 551
95 552
84 553
24 554
95 555
30 556
23 556
46 557
51 558
17 558
31 559
47 560
46 561
47 562
21 563
84 564
1 565
16 566
21 567
99 568
1 569
84 570
51 571
17 571
60 572
47 573
46 574
3 575
46 576
16 577
46 578
17 579
31 580
95 581
41 581
88 581
69 582
46 583
27 584
1 584
9 584
69 585
72 586
46 587
72 588
1 589
27 589
9 589
11 590
46 591
6 592
84 593
46 594
72 595
47 596
72 597
46 598
47 599
46 600
72 601
95 602
24 602
23 603
84 604
72 605
72 606
84 607
72 608
36 609
2 610
25 611
72 612
47 613
47 614
51 615
23 616
72 617
1 618
27 618
9 618
46 619
47 620
86 621
80 622
43 623
43 624
43 625
75 626
24 627
2 628
18 629
43 630
24 631
53 632
26 633
5 634
4 634
0 635
74 636
66 637
66 638
20 639
15 640
14 641
5 641
18 642
56 643
43 644
48 645
2 646
14 647
43 648
18 649
5 650
43 651
78 652
2 653
80 654
5 655
53 656
66 657
33 658
5 658
29 659
4 660
24 661
0 662
43 663
85 664
42 665
0 665
85 666
2 667
43 667
98 668
14 668
15 669
24 670
4 671
26 672
0 673
58 673
2 674
77 675
5 676
5 677
37 678
91 678
42 679
53 680
66 681
98 682
14 682
0 683
42 684
18 685
24 686
43 687
48 687
93 688
18 689
14 690
98 690
33 691
18 692
33 693
80 693
26 694
24 695
5 696
37 697
5 698
4 698
66 699
43 700
48 700
64 701
43 702
58 703
24 704
76 705
26 706
61 707
8 708
75 709
43 710
76 711
74 712
4 713
0 714
18 715
33 716
5 716
43 717
26 718
15 719
5 720
24 721
63 722
80 723
33 724
48 725
26 726
14 727
85 728
67 729
97 730
37 731
91 731
8 732
77 733
1 734
18 735
10 736
41 737
95 737
41 738
9 739
78 740
30 741
25 742
22 743
25 744
13 745
2 746
32 747
34 748
99 748
86 749
29 750
13 751
96 752
39 753
45 753
39 754
45 754
9 755
21 756
96 757
60 758
0 759
9 760
1 761
20 762
96 763
25 764
0 764
27 765
1 765
9 765
34 766
7 767
20 768
2 769
9 770
39 771
45 771
28 772
12 772
20 773
60 774
90 775
27 776
9 776
42 777
59 778
50 779
25 779
1 779
96 780
64 781
64 782
29 783
96 784
85 785
76 786
96 787
0 788
20 789
10 790
22 791
18 792
64 793
29 794
82 795
48 796
13 797
7 798
7 799
1 800
42 800
5 801
1 802
29 803
60 804
19 805
27 806
9 806
86 807
99 808
17 809
0 810
15 811
64 812
15 813
13 814
2 815
29 816
83 817
39 818
45 818
64 819
15 820
4 821
39 822
45 822
7 823
22 824
34 825
82 826
7 827
15 828
29 829
52 830
20 831
0 832
82 833
34 833
19 834
40 834
25 834
19 835
27 835
54 836
22 837
29 838
7 839
27 840
9 840
1 840
20 841
20 842
29 843
83 844
10 845
27 846
9 846
20 847
9 848
27 848
86 849
29 850
27 851
9 851
46 852
14 853
10 854
96 855
19 856
40 856
19 857
40 857
94 858
20 859
27 860
9 860
0 861
96 862
19 863
40 863
7 864
0 865
13 866
10 867
21 868
18 869
25 870
9 871
0 872
9 873
51 874
17 874
44 875
52 876
22 877
51 878
17 878
94 879
10 880
17 881
1 882
7 883
28 884
12 884
8 885
8 886
28 887
12 887
95 888
28 889
12 889
28 890
12 890
12 891
12 892
55 893
34 894
7 895
36 896
87 897
28 898
12 898
36 899
36 900
54 901
28 902
12 902
20 903
86 904
65 905
8 906
8 907
20 908
79 909
34 910
89 911
8 912
20 913
55 914
65 915
12 916
87 917
55 918
20 919
55 920
87 921
65 922
36 923
94 924
28 925
12 925
81 926
87 927
55 928
36 929
12 930
12 931
89 932
87 932
65 933
12 934
20 935
9 936
7 937
0 937
28 938
12 938
89 939
87 939
55 940
12 941
13 942
12 943
82 944
65 945
13 946
8 947
65 948
95 949
8 950
54 951
12 952
20 953
36 954
12 955
82 956
55 957
13 958
12 959
10 960
68 961
35 961
2 961
2 962
21 963
84 964
31 965
35 966
2 966
31 967
1 968
70 969
74 970
73 971
84 972
24 973
27 974
9 974
6 975
6 976
78 977
0 977
1 978
83 979
70 980
51 981
2 982
47 983
51 984
31 985
84 986
24 987
2 988
72 989
73 990
68 991
16 992
24 993
11 994
73 995
47 996
84 997
31 998
78 999
76 1000
47 1001
31 1002
2 1003
24 1004
69 1005
0 1006
2 1007
92 1008
31 1009
0 1010
47 1011
24 1012
0 1013
0 1014
11 1015
37 1016
91 1016
1 1017
0 1018
2 1019
47 1020
16 1021
66 1022
95 1023
24 1023
84 1024
31 1025
4 1026
92 1027
74 1028
0 1029
21 1030
0 1031
78 1031
69 1032
16 1033
70 1034
92 1035
92 1036
92 1037
0 1038
24 1039
10 1040
6 1041
61 1042
69 1043
24 1044
94 1045
5 1045
46 1046
24 1047
61 1048
81 1049
86 1050
24 1051
58 1052
11 1053
5 1054
94 1055
35 1056
68 1056
2 1056
61 1057
11 1058
69 1059
66 1060
61 1061
79 1062
24 1063
94 1064
61 1065
24 1066
2 1067
91 1068
0 1069
38 1070
0 1070
71 1071
10 1072
9 1073
11 1074
71 1075
73 1076
61 1077
24 1078
0 1079
5 1080
69 1081
42 1082
0 1082
94 1083
61 1084
9 1085
69 1086
66 1087
39 1088
9 1089
2 1090
5 1091
42 1092
70 1093
1 1094
11 1095
68 1096
2 1096
94 1097
51 1098
16 1099
9 1100
5 1101
5 1102
24 1103
4 1104
87 1105
11 1106
10 1107
11 1108
42 1109
0 1110
0 1111
94 1112
37 1113
91 1113
11 1114
40 1115
19 1115
67 1116
73 1117
73 1118
42 1119
5 1120
61 1121
0 1122
68 1123
2 1123
70 1124
10 1125
81 1126
92 1127
2 1128
73 1129
53 1130
16 1131
62 1132
13 1133
4 1134
42 1135
58 1136
38 1136
0 1136
33 1137
59 1138
2 1139
95 1140
24 1140
7 1141
74 1142
58 1143
0 1143
7 1143
2 1144
3 1145
38 1146
0 1146
4 1147
5 1147
2 1148
74 1149
2 1150
7 1151
42 1152
46 1153
7 1154
24 1155
10 1156
35 1156
59 1157
2 1158
0 1159
5 1160
40 1161
19 1161
25 1161
56 1162
6 1163
42 1164
2 1165
24 1166
42 1167
68 1168
2 1168
0 1169
46 1170
0 1171
25 1172
19 1172
46 1173
2 1174
16 1175
42 1176
2 1177
4 1178
0 1178
51 1179
17 1179
14 1180
21 1181
19 1182
1 1182
7 1183
0 1184
42 1185
78 1185
41 1186
47 1187
0 1188
60 1189
67 1190
0 1191
68 1192
2 1193
0 1194
62 1195
2 1196
90 1197
16 1198
3 1198
37 1199
5 1200
17 1201
46 1202
31 1203
71 1204
0 1205
2 1206
19 1207
40 1207
2 1208
96 1209
96 1210
3 1211
1 1212
21 1213
78 1214
24 1214
58 1215
0 1215
2 1216
78 1217
24 1217
73 1218
0 1219
2 1220
46 1221
64 1222
73 1223
11 1224
7 1225
0 1226
47 1227
82 1228
10 1229
35 1230
2 1230
38 1231
58 1231
0 1231
0 1232
0 1233
0 1234
74 1235
46 1236
0 1237
45 1238
27 1239
1 1239
9 1239
7 1240
35 1241
78 1242
78 1243
24 1243
78 1244
2 1245
3 1246
4 1246
78 1247
0 1248
42 1249
38 1250
75 1250
3 1251
68 1252
35 1252
2 1252
10 1253
42 1254
59 1255
2 1256
2 1257
16 1258
74 1259
3 1260
96 1261
78 1262
21 1263
78 1264
37 1265
91 1265
7 1266
62 1267
21 1268
2 1269
0 1270
69 1271
24 1272
0 1273
35 1274
78 1275
42 1276
46 1277
72 1278
16 1279
3 1279
47 1280
0 1281
53 1282
0 1283
3 1284
68 1285
2 1285
43 1286
78 1287
24 1287
53 1288
33 1288
7 1289
78 1290
24 1290
10 1291
35 1291
6 1292
76 1293
35 1294
2 1294
68 1294
78 1295
2 1296
42 1297
0 1297
58 1298
38 1298
0 1298
0 1299
42 1300
78 1301
2 1302
78 1303
0 1304
7 1305
0 1306
0 1307
0 1308
21 1309
46 1310
73 1311
78 1312
24 1312
42 1313
74 1314
2 1315
0 1316
2 1317
42 1318
58 1319
38 1319
0 1319
21 1320
2 1321
16 1322
41 1323
41 1324
15 1325
78 1326
24 1326
0 1327
53 1328
0 1329
2 1330
46 1331
16 1332
3 1332
0 1333
10 1333
47 1334
2 1335
38 1336
0 1336
48 1337
2 1338
56 1339
14 1340
48 1341
32 1342
48 1343
2 1344
56 1345
48 1346
4 1347
43 1348
68 1349
2 1349
56 1350
18 1351
94 1352
52 1352
24 1353
4 1354
43 1355
15 1356
0 1357
75 1358
24 1359
24 1360
2 1361
15 1362
18 1363
38 1364
0 1364
77 1365
4 1366
0 1367
15 1368
18 1369
3 1370
80 1371
2 1372
32 1373
61 1374
15 1375
0 1376
52 1377
14 1378
58 1379
0 1379
33 1380
80 1380
15 1381
64 1382
48 1383
32 1384
43 1385
15 1386
66 1387
18 1388
52 1389
18 1390
43 1391
67 1392
74 1393
97 1394
2 1395
18 1396
56 1397
0 1398
38 1398
15 1399
24 1400
18 1401
48 1402
4 1403
56 1404
5 1405
0 1406
77 1407
15 1408
61 1409
4 1410
15 1411
39 1412
45 1412
4 1413
32 1414
97 1415
44 1416
43 1417
10 1418
33 1419
24 1420
20 1421
15 1422
5 1423
0 1424
42 1424
4 1425
80 1426
48 1427
15 1428
0 1429
43 1430
33 1431
2 1431
80 1431
15 1432
61 1433
53 1433
15 1434
97 1435
18 1436
53 1437
38 1438
0 1438
38 1439
0 1439
43 1440
43 1441
2 1441
98 1442
14 1442
33 1443
67 1443
97 1444
24 1445
48 1446
94 1446
24 1447
18 1448
66 1449
97 1450
32 1451
0 1452
15 1453
52 1454
67 1455
97 1456
32 1457
0 1458
15 1459
0 1460
0 1461
0 1462
94 1463
33 1464
44 1464
9 1465
66 1466
80 1467
21 1468
53 1469
8 1470
63 1471
24 1472
43 1473
61 1474
15 1475
15 1476
44 1477
67 1478
43 1479
15 1480
93 1481
24 1482
15 1483
64 1484
66 1485
80 1486
33 1486
80 1487
4 1488
39 1489
45 1489
66 1490
66 1491
21 1492
15 1493
15 1494
48 1495
79 1496
15 1497
24 1498
43 1499
67 1500
48 1500
15 1501
97 1502
15 1503
74 1504
59 1505
52 1505
44 1506
4 1507
48 1508
18 1509
37 1510
15 1511
32 1512
15 1513
93 1514
4 1515
32 1516
18 1517
43 1518
85 1519
18 1520
80 1521
24 1522
33 1523
80 1523
53 1523
43 1524
32 1525
79 1526
5 1526
33 1527
80 1528
32 1529
43 1530
2 1531
43 1532
77 1533
43 1534
43 1535
48 1535
24 1536
24 1537
66 1538
33 1539
43 1540
0 1541
0 1542
66 1543
76 1544
24 1545
0 1546
43 1547
18 1548
63 1549
43 1550
48 1550
24 1551
97 1552
77 1553
64 1554
93 1555
75 1556
43 1557
2 1558
75 1559
21 1560
24 1561
38 1562
76 1562
4 1563
42 1564
43 1565
77 1566
93 1567
32 1568
15 1569
26 1570
15 1571
0 1572
80 1573
77 1574
2 1575
44 1576
15 1577
80 1578
33 1578
53 1579
15 1580
15 1581
61 1582
53 1583
59 1584
32 1585
24 1586
80 1587
53 1588
80 1588
59 1589
48 1589
33 1590
4 1591
24 1592
75 1593
38 1594
58 1594
0 1594
0 1595
42 1595
0 1596
77 1597
97 1598
53 1599
53 1600
93 1601
33 1602
56 1603
56 1604
43 1605
2 1606
43 1607
48 1607
43 1608
39 1609
52 1610
59 1610
48 1611
4 1612
66 1612
61 1613
15 1614
5 1615
75 1616
15 1617
15 1618
93 1619
33 1620
0 1621
80 1622
53 1623
0 1624
0 1625
52 1626
2 1627
15 1628
80 1629
48 1629
43 1630
4 1631
48 1632
98 1633
14 1633
15 1634
32 1635
68 1636
5 1637
0 1638
1 1638
0 1639
4 1640
66 1640
54 1641
34 1642
8 1643
7 1644
65 1645
13 1646
86 1647
8 1648
8 1649
12 1650
7 1651
95 1652
41 1652
88 1652
88 1653
13 1654
8 1655
88 1656
87 1657
60 1658
8 1659
59 1660
89 1661
87 1661
27 1662
1 1662
9 1662
22 1663
65 1664
16 1665
89 1666
87 1666
3 1667
34 1668
8 1669
87 1670
81 1671
8 1672
20 1673
79 1674
90 1675
82 1676
13 1676
34 1676
99 1676
55 1677
99 1678
34 1678
27 1679
1 1679
9 1679
1 1680
55 1681
17 1682
7 1683
89 1684
87 1684
17 1685
54 1686
86 1687
36 1688
28 1689
12 1689
8 1690
8 1691
99 1692
34 1692
3 1693
8 1694
8 1695
7 1696
86 1697
8 1698
8 1699
54 1700
55 1701
34 1702
27 1703
28 1704
12 1704
7 1705
7 1706
34 1707
55 1708
29 1709
7 1710
80 1711
53 1711
36 1712
46 1713
7 1714
8 1715
54 1716
80 1717
8 1718
1 1719
86 1720
7 1721
8 1722
83 1723
26 1723
82 1724
13 1724
8 1725
16 1726
3 1726
39 1727
45 1727
8 1728
34 1729
16 1730
3 1730
54 1731
54 1732
41 1733
88 1733
17 1734
22 1735
7 1736
19 1737
40 1737
7 1738
8 1739
28 1740
12 1740
28 1741
12 1741
34 1742
60 1743
29 1744
7 1745
36 1746
8 1747
65 1748
8 1749
16 1750
7 1751
94 1752
87 1753
25 1754
50 1754
4 1754
25 1755
19 1755
55 1756
8 1757
8 1758
8 1759
17 1760
8 1761
60 1762
29 1763
7 1764
7 1765
20 1766
95 1767
20 1768
54 1769
13 1770
34 1771
3 1772
60 1773
13 1774
55 1775
86 1776
83 1777
1 1778
43 1779
3 1780
16 1780
7 1781
99 1782
16 1783
3 1784
8 1785
36 1786
13 1787
9 1788
8 1789
60 1790
0 1790
8 1791
7 1792
8 1793
22 1794
27 1794
8 1795
7 1796
8 1797
13 1798
46 1799
95 1800
79 1801
19 1802
40 1802
34 1803
12 1804
99 1805
42 1806
65 1807
27 1808
1 1808
9 1808
7 1809
13 1810
65 1811
13 1812
13 1813
27 1814
9 1814
54 1815
15 1816
8 1817
86 1818
7 1819
8 1820
82 1821
27 1822
9 1822
86 1823
3 1824
8 1825
3 1826
8 1827
54 1828
34 1828
13 1828
8 1829
7 1830
20 1831
96 1832
13 1833
82 1834
34 1834
55 1835
82 1836
22 1837
29 1838
7 1839
13 1840
34 1841
36 1842
1 1843
8 1844
7 1845
12 1846
13 1847
54 1847
82 1848
27 1849
1 1849
9 1849
28 1850
12 1850
19 1851
36 1852
94 1853
22 1854
1 1855
46 1856
8 1856
12 1857
79 1858
12 1859
28 1860
13 1860
8 1861
8 1862
43 1863
86 1864
82 1865
59 1866
7 1867
8 1868
64 1869
13 1870
55 1871
8 1872
28 1873
12 1873
13 1874
34 1874
99 1874
87 1875
65 1876
16 1877
3 1877
34 1878
79 1879
7 1880
8 1881
55 1882
72 1883
54 1884
86 1885
3 1886
41 1886
16 1886
41 1887
95 1887
88 1887
8 1888
48 1889
54 1890
34 1891
55 1892
8 1893
36 1894
3 1895
16 1895
8 1896
87 1897
20 1898
86 1899
19 1900
54 1901
36 1902
13 1903
34 1903
8 1904
26 1905
54 1906
65 1907
8 1908
79 1909
8 1910
88 1911
8 1912
60 1913
8 1914
8 1915
7 1916
8 1917
54 1918
6 1919
3 1919
72 1920
7 1921
13 1922
54 1923
99 1924
8 1925
8 1926
12 1927
8 1928
8 1929
7 1930
3 1931
3 1932
41 1932
88 1933
41 1933
89 1934
87 1934
8 1935
84 1936
11 1937
1 1938
1 1939
1 1940
85 1941
1 1942
17 1943
47 1944
6 1945
3 1946
1 1947
85 1948
1 1949
20 1950
85 1951
21 1952
35 1953
77 1954
47 1955
42 1956
85 1957
4 1958
50 1958
1 1959
1 1960
11 1961
23 1962
1 1963
11 1964
72 1965
89 1966
47 1967
47 1968
16 1969
20 1970
6 1971
0 1972
3 1973
85 1974
4 1975
1 1976
6 1977
1 1978
31 1979
21 1980
10 1981
11 1982
34 1983
60 1984
0 1984
1 1985
36 1986
84 1987
46 1988
6 1989
31 1990
85 1991
85 1992
6 1993
70 1994
1 1995
46 1996
60 1997
0 1997
46 1998
6 1999
84 2000
0 2001
23 2002
53 2003
80 2003
47 2004
85 2005
85 2006
20 2007
84 2008
30 2009
23 2009
11 2010
80 2011
48 2012
85 2013
77 2014
33 2015
52 2016
66 2017
85 2018
77 2019
43 2020
85 2021
77 2022
77 2023
66 2024
56 2025
2 2026
43 2027
85 2028
77 2029
85 2030
15 2031
24 2032
77 2033
52 2034
15 2035
85 2036
52 2037
77 2038
97 2039
15 2040
77 2041
56 2042
77 2043
93 2044
77 2045
77 2046
52 2047
52 2048
85 2049
52 2050
85 2051
77 2052
85 2053
15 2054
77 2055
42 2056
66 2057
56 2058
52 2059
77 2060
56 2061
43 2062
15 2063
77 2064
85 2065
56 2066
85 2067
56 2068
77 2069
66 2070
85 2071
77 2072
85 2073
85 2074
52 2075
77 2076
43 2077
77 2078
52 2079
80 2080
53 2080
56 2081
43 2082
85 2083
77 2084
4 2085
77 2086
85 2087
15 2088
2 2089
15 2090
77 2091
77 2092
42 2093
66 2094
52 2095
66 2096
77 2097
77 2098
77 2099
2 2100
2 2101
85 2102
97 2103
85 2104
15 2105
85 2106
77 2107
30 2108
49 2109
25 2110
49 2111
57 2112
6 2113
23 2114
57 2115
62 2116
23 2117
57 2118
30 2119
30 2120
23 2121
41 2122
95 2122
30 2122
30 2123
57 2124
57 2125
2 2126
30 2127
49 2128
86 2129
30 2130
49 2131
72 2132
30 2133
23 2134
49 2135
57 2136
30 2137
23 2138
23 2139
23 2140
30 2140
23 2141
57 2142
49 2143
23 2144
30 2145
30 2146
30 2147
25 2148
57 2149
51 2150
17 2150
23 2151
57 2152
57 2153
23 2154
57 2155
23 2156
30 2157
49 2158
23 2159
30 2160
36 2161
49 2162
62 2163
23 2164
57 2165
62 2166
62 2167
62 2168
57 2169
36 2170
57 2171
23 2172
57 2173
30 2174
86 2175
58 2176
6 2177
23 2177
95 2178
11 2179
36 2180
23 2181
23 2182
30 2183
23 2184
17 2185
6 2186
62 2187
6 2188
16 2189
23 2190
73 2191
57 2192
83 2193
86 2193
23 2194
17 2195
6 2196
30 2197
23 2198
57 2199
23 2200
57 2201
60 2202
49 2203
57 2204
41 2205
95 2205
6 2206
49 2207
57 2208
30 2209
49 2210
1 2211
23 2211
49 2212
30 2213
86 2214
62 2215
23 2216
30 2217
88 2218
23 2219
83 2220
49 2221
49 2222
95 2223
30 2223
95 2224
88 2224
30 2224
6 2225
16 2226
41 2227
88 2227
88 2228
30 2229
49 2230
30 2231
16 2232
51 2233
17 2233
86 2234
23 2235
25 2236
30 2237
11 2238
30 2239
57 2240
95 2241
30 2241
88 2241
49 2242
23 2243
23 2244
30 2245
6 2246
49 2247
51 2248
49 2249
62 2250
30 2251
62 2252
23 2253
62 2254
83 2255
23 2256
30 2257
62 2258
23 2259
30 2260
23 2261
23 2262
23 2263
73 2264
11 2265
23 2266
49 2267
51 2268
17 2268
30 2269
94 2270
18 2271
80 2272
18 2273
56 2274
5 2275
33 2275
56 2276
43 2277
2 2277
5 2278
64 2279
5 2280
66 2281
18 2282
15 2283
43 2284
0 2285
18 2286
26 2287
94 2288
0 2289
48 2290
43 2291
97 2292
0 2293
44 2294
18 2295
48 2296
97 2297
85 2298
48 2299
48 2300
2 2301
14 2302
51 2303
17 2303
94 2304
15 2305
4 2306
5 2306
18 2307
76 2308
18 2309
48 2310
2 2311
0 2312
79 2313
48 2314
18 2315
32 2316
44 2317
32 2318
64 2319
42 2320
33 2321
33 2322
48 2323
93 2324
94 2325
26 2326
32 2327
15 2328
63 2329
43 2330
15 2331
15 2332
32 2333
4 2334
43 2335
43 2336
32 2337
4 2338
37 2339
48 2340
0 2341
94 2342
53 2343
68 2344
2 2344
4 2345
5 2346
64 2347
37 2348
48 2349
5 2350
33 2350
67 2351
15 2352
66 2353
33 2354
44 2354
80 2354
37 2355
91 2355
93 2356
38 2357
0 2357
58 2357
18 2358
26 2359
60 2360
0 2360
44 2361
24 2362
44 2363
0 2364
69 2365
78 2366
79 2367
66 2368
64 2369
63 2370
44 2371
2 2372
43 2373
59 2374
78 2375
24 2375
4 2376
15 2377
79 2378
5 2378
5 2379
15 2380
66 2381
52 2382
66 2383
24 2384
44 2385
26 2386
43 2387
76 2388
24 2389
2 2390
5 2391
76 2392
43 2393
2 2393
14 2394
39 2395
76 2396
97 2397
0 2398
26 2399
26 2400
79 2401
2 2402
56 2403
44 2403
56 2404
4 2405
66 2405
24 2406
53 2406
53 2407
4 2408
15 2409
43 2410
24 2410
4 2411
37 2412
37 2413
80 2414
53 2414
33 2414
5 2415
4 2415
4 2416
66 2416
98 2417
14 2417
0 2418
97 2419
79 2420
15 2421
59 2422
80 2423
48 2423
59 2424
52 2424
80 2425
33 2425
32 2426
0 2427
5 2428
32 2429
58 2430
38 2430
0 2430
15 2431
67 2432
32 2433
0 2434
4 2435
75 2436
64 2437
18 2438
24 2439
52 2440
0 2441
26 2442
53 2443
4 2444
66 2444
32 2445
2 2446
76 2447
64 2447
4 2448
26 2449
66 2450
5 2451
4 2452
98 2453
44 2453
14 2453
1 2454
0 2455
24 2456
42 2457
68 2458
2 2458
42 2459
80 2460
64 2461
63 2462
53 2463
79 2464
15 2465
48 2466
68 2467
35 2467
38 2467
0 2468
4 2469
48 2470
64 2471
43 2472
0 2473
43 2474
42 2475
5 2475
0 2475
5 2476
39 2477
45 2477
59 2478
20 2479
33 2480
35 2480
80 2480
24 2481
26 2482
78 2483
24 2483
76 2484
32 2485
18 2486
64 2487
78 2488
0 2488
15 2489
15 2490
66 2491
26 2492
66 2493
68 2494
64 2495
72 2496
43 2497
76 2498
24 2499
66 2500
18 2501
26 2502
21 2503
63 2504
48 2505
15 2506
24 2507
33 2508
80 2508
20 2509
52 2510
38 2511
0 2511
56 2512
64 2513
76 2513
56 2514
4 2515
39 2516
45 2516
18 2517
15 2518
0 2519
41 2520
43 2521
18 2522
52 2523
5 2524
24 2525
43 2526
48 2526
24 2527
16 2528
97 2529
2 2530
24 2531
67 2532
75 2533
42 2534
79 2535
44 2536
2 2537
24 2538
44 2539
43 2540
37 2541
79 2542
5 2542
94 2543
33 2544
80 2544
2 2544
93 2545
14 2546
0 2547
43 2548
61 2549
97 2550
26 2551
15 2552
24 2553
93 2554
94 2555
4 2556
75 2557
26 2558
43 2559
75 2560
44 2561
35 2561
68 2561
56 2562
94 2563
64 2564
33 2565
63 2566
76 2567
67 2568
14 2569
53 2570
18 2571
80 2572
48 2573
94 2573
98 2574
14 2574
5 2574
33 2575
80 2576
33 2576
48 2577
52 2578
22 2579
5 2580
24 2581
38 2582
0 2582
64 2583
18 2584
80 2585
56 2586
2 2587
75 2588
0 2589
4 2590
66 2590
79 2591
15 2592
93 2593
0 2594
76 2595
18 2596
61 2597
15 2598
4 2599
52 2600
18 2601
0 2602
39 2603
32 2604
0 2605
58 2606
38 2606
0 2606
0 2607
0 2608
38 2608
15 2609
18 2610
15 2611
48 2612
53 2613
0 2614
2 2615
18 2616
53 2617
97 2618
18 2619
80 2620
33 2621
33 2622
67 2623
4 2624
66 2624
52 2625
67 2625
61 2626
24 2627
75 2628
18 2629
44 2630
24 2631
0 2632
93 2633
98 2634
14 2634
14 2635
15 2636
18 2637
75 2638
67 2639
48 2639
5 2640
32 2641
21 2642
39 2643
45 2643
78 2644
24 2644
0 2645
15 2646
76 2647
64 2647
93 2648
79 2649
48 2650
4 2651
18 2652
7 2653
33 2654
80 2654
2 2655
18 2656
66 2657
24 2658
98 2659
14 2659
5 2659
0 2660
5 2661
94 2661
48 2662
63 2663
52 2664
43 2665
85 2666
56 2667
90 2668
51 2668
80 2669
67 2670
4 2671
0 2672
7 2672
42 2673
1 2673
24 2674
18 2675
4 2676
4 2677
42 2678
43 2679
0 2680
48 2681
93 2682
18 2683
35 2684
80 2684
33 2684
4 2685
63 2686
18 2687
5 2688
94 2688
8 2689
61 2690
51 2691
81 2691
26 2692
75 2693
80 2694
53 2694
8 2695
83 2696
83 2697
24 2698
81 2699
87 2700
61 2701
8 2702
29 2703
54 2704
28 2705
12 2705
1 2706
28 2707
12 2707
18 2708
8 2709
81 2710
50 2711
25 2711
18 2712
40 2713
19 2713
1 2713
8 2714
87 2715
76 2716
64 2716
71 2717
12 2718
29 2719
26 2720
2 2721
29 2722
2 2723
41 2724
35 2725
7 2725
22 2726
2 2727
64 2728
63 2729
10 2730
0 2730
0 2731
14 2732
59 2733
26 2734
16 2735
4 2736
48 2737
8 2738
26 2739
26 2740
4 2741
52 2742
17 2743
7 2744
77 2745
14 2746
29 2747
63 2748
81 2749
71 2750
3 2751
2 2752
8 2753
41 2754
3 2754
88 2754
14 2755
89 2756
87 2756
4 2757
9 2758
75 2759
13 2760
34 2760
71 2761
7 2762
8 2763
28 2764
12 2764
5 2765
0 2765
17 2766
29 2767
8 2768
7 2769
28 2770
12 2770
42 2771
7 2772
81 2773
54 2774
54 2775
20 2776
65 2777
8 2778
8 2779
10 2780
18 2781
28 2782
12 2782
83 2783
2 2784
34 2785
7 2786
38 2787
0 2787
18 2788
50 2789
25 2789
55 2790
26 2791
64 2792
7 2793
7 2794
76 2795
64 2796
8 2797
64 2798
29 2799
63 2800
24 2801
63 2802
22 2803
36 2804
2 2805
20 2806
8 2807
0 2808
64 2808
10 2809
25 2810
26 2811
18 2812
27 2813
9 2813
94 2814
42 2815
5 2815
63 2816
9 2817
8 2818
10 2819
20 2820
0 2821
81 2822
7 2823
1 2824
28 2825
12 2825
26 2826
0 2827
26 2828
0 2829
42 2829
54 2830
18 2831
1 2832
2 2833
18 2834
98 2835
14 2835
22 2836
8 2837
27 2838
9 2838
8 2839
8 2840
17 2841
8 2842
39 2843
45 2843
18 2844
61 2845
90 2846
26 2846
8 2847
7 2848
42 2849
97 2850
20 2851
78 2852
22 2853
0 2854
7 2854
63 2855
64 2856
2 2857
76 2858
18 2859
54 2860
6 2861
13 2862
82 2862
34 2862
48 2863
33 2864
2 2864
80 2864
89 2865
71 2866
8 2867
1 2868
13 2869
55 2870
5 2871
76 2872
28 2873
12 2873
81 2874
24 2875
29 2876
8 2877
90 2878
26 2878
7 2879
93 2880
22 2881
17 2882
7 2883
50 2884
25 2884
54 2885
16 2886
71 2887
7 2888
10 2889
22 2890
14 2891
29 2892
5 2893
6 2894
18 2895
77 2896
54 2897
40 2898
19 2898
13 2899
64 2900
76 2901
10 2902
34 2903
3 2904
8 2905
11 2906
12 2907
20 2908
41 2909
88 2909
8 2910
10 2911
42 2912
7 2913
87 2914
7 2915
64 2916
35 2917
55 2918
8 2919
1 2920
63 2921
55 2922
55 2923
19 2924
40 2924
9 2925
76 2926
43 2927
64 2928
14 2929
36 2930
26 2931
96 2932
3 2933
48 2934
94 2934
75 2935
90 2936
14 2937
1 2938
18 2939
71 2940
9 2941
46 2942
90 2943
54 2944
86 2945
22 2946
81 2947
7 2948
5 2949
9 2950
7 2951
63 2952
10 2953
64 2954
7 2955
0 2955
60 2956
0 2956
42 2957
10 2958
12 2959
0 2960
26 2961
37 2962
91 2962
18 2963
17 2964
18 2965
3 2966
17 2967
59 2968
52 2968
18 2969
29 2970
96 2970
20 2971
48 2972
76 2973
64 2973
54 2974
63 2975
77 2976
55 2977
39 2978
45 2978
95 2979
78 2979
24 2979
82 2980
61 2981
10 2982
86 2983
59 2983
20 2984
4 2985
66 2985
17 2986
54 2987
6 2988
3 2988
71 2989
18 2990
0 2991
25 2992
50 2992
22 2993
39 2994
45 2994
14 2995
17 2996
26 2997
18 2998
7 2999
67 3000
81 3001
8 3002
21 3003
6 3004
5 3005
29 3006
7 3007
3 3008
41 3008
95 3009
24 3009
2 3010
3 3011
2 3012
42 3013
78 3014
0 3015
1 3016
56 3017
5 3018
19 3019
40 3019
88 3020
30 3020
78 3021
94 3021
16 3022
0 3023
74 3024
4 3025
70 3026
24 3027
0 3028
6 3029
24 3030
69 3031
69 3032
3 3033
6 3033
46 3034
4 3035
66 3035
42 3036
74 3037
24 3038
42 3039
5 3039
69 3040
70 3040
95 3041
78 3041
24 3041
74 3042
11 3043
74 3044
42 3045
47 3046
16 3047
38 3048
0 3048
0 3049
2 3050
2 3051
21 3052
83 3053
70 3054
10 3055
16 3056
7 3057
0 3057
68 3058
2 3058
73 3059
74 3060
4 3061
66 3061
78 3062
6 3063
56 3064
21 3065
3 3066
16 3066
59 3067
42 3067
3 3068
4 3069
45 3070
3 3071
78 3072
58 3073
0 3073
6 3074
38 3075
0 3075
35 3076
68 3076
24 3077
58 3078
0 3078
24 3078
38 3078
38 3079
0 3079
6 3080
90 3081
78 3082
41 3083
88 3083
24 3084
2 3085
42 3086
2 3087
3 3088
74 3089
5 3090
69 3091
70 3091
37 3092
91 3092
21 3093
64 3094
21 3095
64 3096
68 3097
2 3097
16 3098
24 3099
58 3100
38 3100
0 3100
2 3101
6 3102
35 3103
2 3103
47 3104
42 3105
78 3105
69 3106
70 3106
1 3107
62 3108
71 3109
62 3110
84 3111
84 3112
29 3113
11 3114
1 3114
21 3115
1 3116
47 3117
47 3118
21 3119
47 3120
43 3121
47 3122
9 3123
64 3124
1 3125
1 3126
46 3127
47 3128
6 3129
50 3130
1 3130
21 3131
46 3132
11 3133
57 3134
47 3135
84 3136
1 3137
1 3138
31 3139
47 3140
31 3141
62 3142
11 3143
84 3144
1 3145
31 3146
84 3147
59 3148
47 3149
1 3150
84 3151
27 3152
1 3152
96 3153
16 3154
3 3154
46 3155
62 3156
49 3157
84 3158
36 3159
20 3160
47 3161
30 3162
62 3163
1 3164
50 3165
1 3165
21 3166
1 3167
46 3168
84 3169
27 3170
1 3170
9 3170
45 3171
11 3172
27 3173
9 3173
1 3173
85 3174
46 3175
47 3176
1 3177
84 3178
85 3179
47 3180
6 3181
70 3182
3 3183
25 3183
6 3183
1 3184
73 3185
4 3186
47 3187
47 3188
11 3189
21 3190
42 3191
80 3192
53 3192
47 3193
1 3194
89 3195
11 3196
1 3196
8 3197
84 3198
10 3199
6 3200
1 3201
62 3202
47 3203
84 3204
11 3205
6 3206
3 3206
51 3207
18 3208
6 3209
3 3209
47 3210
1 3211
