0 370
5 1206
7 2594
9 58
9 1331
9 736
11 1544
13 1653
15 747
17 61
18 547
20 1245
20 1206
23 1988
24 5
25 32
28 1624
36 1219
36 1949
36 546
36 587
38 137
38 1341
40 307
40 1429
41 759
42 1271
46 1920
47 444
47 1271
51 108
51 3047
52 151
54 731
54 159
55 221
55 230
56 146
58 482
60 0
60 1269
62 108
62 3047
62 1260
64 5
65 1796
67 61
67 1639
68 1429
68 370
71 585
74 1908
75 2632
75 1624
75 1639
75 1357
75 1429
75 1357
77 419
79 114
79 2632
79 1429
80 323
80 1624
83 159
84 30
85 3047
86 120
87 3109
88 108
88 3047
88 232
89 111
90 1624
90 1531
91 130
95 2427
96 1260
98 419
102 331
102 146
105 1624
108 186
110 982
113 1778
113 1988
115 928
118 45
120 1
120 563
122 731
122 159
124 311
124 444
125 1280
126 70
129 4
129 122
129 159
129 1624
131 1624
133 1624
133 264
135 362
136 3047
136 2735
139 43
145 307
147 724
147 1729
148 852
151 1729
151 574
156 617
159 482
160 1206
161 1624
161 370
164 1624
164 1429
167 1341
172 30
173 142
180 72
182 206
183 1531
184 1008
185 141
185 1639
190 1225
193 3050
195 1295
201 482
203 2565
207 757
210 11
210 130
210 1624
213 1175
214 557
215 1506
215 2061
215 55
215 221
218 80
218 1220
221 61
225 27
226 61
226 1624
228 2185
228 971
229 2427
230 2642
231 1018
234 3004
235 1624
238 584
238 416
239 4
239 122
239 159
240 166
240 122
240 159
245 1568
245 2057
246 640
246 460
248 1531
249 76
250 2666
250 2548
250 363
251 1568
252 294
254 1534
255 340
255 1514
255 669
256 256
258 461
264 419
266 717
266 304
271 445
272 444
272 1414
276 1417
278 1532
278 2548
281 2490
282 278
283 2594
284 288
287 416
289 363
289 1547
291 248
292 1457
294 345
297 732
298 2043
298 2072
300 0
302 1220
303 1450
303 444
303 1414
303 1614
305 88
305 1462
306 267
311 0
311 318
312 370
314 247
314 1429
318 1491
320 419
321 468
321 2636
321 2331
321 294
324 247
325 153
327 193
328 34
331 470
331 2498
331 3025
331 1568
333 248
333 1531
335 217
336 2548
337 1466
339 1581
339 2518
339 321
340 1571
340 321
340 2331
340 294
342 1454
344 1531
347 2055
347 2642
347 296
351 1454
352 419
354 1450
355 158
356 299
356 125
356 1280
357 1495
358 2284
358 2548
358 663
360 321
360 2636
360 294
361 154
362 0
362 2024
363 2666
363 2548
363 363
363 2053
366 2943
366 2059
367 282
368 1568
369 32
370 1299
371 318
375 2043
376 1529
376 444
378 1639
378 2427
381 247
382 146
387 74
387 576
388 246
389 304
390 1495
392 2284
397 1417
398 418
404 367
407 419
409 2072
409 2072
410 701
411 1400
413 2100
416 370
417 1518
417 2521
417 2026
418 1531
418 1534
418 1518
418 2521
420 269
421 2311
421 1534
422 1459
422 2636
424 485
424 1389
425 124
426 1378
426 1340
426 367
427 247
428 2059
428 2935
428 876
428 2059
428 2037
429 2284
430 61
430 1624
430 2427
431 3096
432 876
433 710
433 278
433 1532
436 62
436 444
437 456
437 663
437 437
438 482
438 416
438 370
439 146
441 347
442 8
442 1601
442 437
444 1414
449 648
449 1616
449 1430
451 1883
454 1492
455 1512
458 1400
458 1531
463 1414
464 464
465 1495
467 1891
468 1151
468 1305
470 2747
471 1654
471 751
471 797
471 1891
471 1714
473 2806
473 784
478 794
478 1796
481 9
482 797
483 1735
485 238
485 1729
487 1844
487 915
487 2913
487 1683
488 2882
488 1734
489 2768
489 1796
490 950
490 1829
490 1694
490 1830
490 1795
491 814
492 782
492 1789
495 2769
496 1511
497 74
498 1468
500 138
500 1921
501 786
502 797
502 825
503 766
503 1928
503 1266
503 1789
503 2768
506 862
507 2946
507 1735
509 2882
509 1734
511 756
511 983
511 563
512 922
513 1694
513 2913
513 1891
513 2778
515 1819
517 1902
518 1778
518 1796
519 844
519 1682
519 2913
519 2848
520 943
520 1789
521 563
521 1667
522 1796
525 1911
525 213
526 108
526 3047
526 232
526 2735
527 559
528 104
529 563
536 617
540 609
542 615
542 617
543 118
546 108
549 78
549 528
549 217
551 3140
554 1952
558 617
560 1280
563 563
565 596
567 567
567 2445
567 563
571 557
577 213
579 28
579 617
582 537
583 109
586 561
590 1105
592 213
597 56
599 1017
600 561
602 1952
605 99
606 557
607 3203
611 1184
613 557
615 60
615 617
616 60
622 1450
624 663
625 1593
625 2548
626 432
628 466
631 1534
632 1583
632 2570
632 2548
633 230
635 1367
639 2479
640 460
641 2452
642 1026
642 2328
644 1547
644 2047
652 2594
653 2026
656 1531
658 2640
658 1467
658 1609
658 2019
659 1280
661 367
662 1206
663 1547
665 370
668 1572
669 340
669 669
669 1571
669 321
669 2331
669 294
671 1495
676 1477
676 2044
678 485
681 2548
682 2361
682 1345
684 109
685 1622
687 516
691 109
692 701
694 1528
694 2312
695 248
696 2361
696 1574
696 2642
697 1400
698 1565
702 1385
704 367
704 1531
705 1345
706 385
708 1491
709 146
709 455
709 2316
709 1530
709 1512
709 322
710 649
710 1557
710 278
711 1544
711 1457
713 1492
714 368
714 2084
715 470
715 368
716 2464
716 2334
719 2044
719 1462
722 298
723 107
723 2312
725 1529
729 2452
731 367
731 1400
733 2071
733 1593
733 2102
733 2666
733 2548
737 747
738 1266
742 1778
743 1735
743 910
743 1819
743 1891
745 559
745 751
745 1891
746 1891
750 1488
751 1891
751 1289
751 1714
756 1309
757 1729
757 574
758 544
762 68
763 74
763 1642
764 52
766 585
767 109
767 1240
767 1988
767 587
767 1225
771 1476
771 319
771 2490
772 1902
772 922
772 1921
777 1898
778 1796
779 1891
781 24
786 2548
787 576
791 1735
791 1778
794 91
799 1240
799 1225
801 299
806 1942
806 1653
809 52
813 305
813 2409
815 982
816 755
816 1891
817 1787
817 1682
817 1714
820 1476
821 2548
823 1225
826 115
827 1683
827 1240
827 1225
827 2848
830 2059
830 2037
830 2037
833 1865
833 1891
834 156
837 958
837 2888
837 1921
837 1796
838 1165
839 799
839 864
842 142
843 1883
844 1682
844 2848
846 724
850 679
851 3203
855 584
857 1891
857 1778
862 1798
864 1683
864 1240
864 1266
864 1225
865 380
866 797
867 88
867 1331
867 852
868 1468
869 2037
869 2037
870 797
872 122
874 825
874 585
875 1454
878 557
879 30
881 617
882 827
883 1721
883 1796
883 2848
885 1683
885 2974
885 1796
886 1796
886 1698
887 922
887 1921
888 566
889 1927
891 1681
895 1796
895 2848
898 943
898 1681
899 699
899 1756
899 1796
902 1789
903 305
909 1722
910 1796
910 2848
912 755
912 1891
912 1796
914 2848
915 1795
915 1683
915 2848
916 779
917 1757
920 1796
921 1738
921 2848
922 1695
928 1796
930 665
933 922
933 1695
934 592
936 1789
936 2807
939 1796
940 2715
940 1698
941 1867
942 132
942 958
942 957
942 2922
943 1681
943 1796
944 871
947 1356
947 1796
948 1891
950 1789
950 1796
950 2848
953 2848
956 1891
957 953
957 2848
958 116
958 1796
960 3166
961 587
962 3050
963 1263
963 120
964 3151
965 10
965 1170
966 135
967 527
975 617
978 1
983 775
983 1819
985 3146
985 1952
991 367
992 1767
994 565
994 549
994 528
996 1001
996 3203
996 562
998 100
998 1331
998 3052
1000 756
1000 2858
1001 534
1004 686
1004 3084
1005 814
1005 137
1006 1219
1006 587
1006 563
1006 1952
1007 2645
1007 1181
1008 1624
1013 159
1016 11
1016 130
1017 1911
1018 2515
1019 1220
1021 213
1023 232
1024 595
1033 1175
1034 28
1035 482
1043 52
1044 152
1045 118
1046 3115
1046 214
1047 419
1048 600
1049 2874
1050 1894
1054 101
1054 2427
1060 444
1063 1004
1067 52
1069 34
1069 3
1069 2515
1071 224
1072 88
1072 1225
1073 1796
1073 2807
1074 191
1074 1205
1075 3109
1078 765
1079 61
1079 75
1079 1624
1080 809
1081 585
1081 537
1082 482
1083 2594
1084 2594
1084 370
1085 58
1086 1624
1093 224
1094 2594
1096 1205
1097 226
1099 213
1101 1531
1104 2062
1104 1531
1105 512
1110 1542
1113 11
1113 159
1115 107
1117 3031
1117 971
1120 1624
1123 1296
1123 1206
1127 1624
1128 137
1129 3023
1129 186
1130 2427
1135 146
1136 2594
1138 61
1138 1639
1139 419
1141 2883
1142 1210
1142 1323
1143 2849
1144 80
1144 1181
1144 2334
1147 3025
1149 138
1149 1141
1149 799
1149 3042
1149 827
1151 1240
1151 1266
1151 1305
1151 1225
1152 1956
1153 3052
1154 827
1154 864
1154 1819
1154 1240
1154 1225
1155 133
1156 27
1159 1429
1159 1357
1160 61
1160 1624
1160 1639
1162 563
1163 1989
1163 1151
1171 1299
1172 1796
1174 1920
1178 3186
1179 617
1180 1340
1180 404
1181 3115
1181 563
1183 109
1183 1240
1183 1266
1183 1225
1183 2848
1184 482
1184 1357
1184 1429
1184 1357
1185 172
1186 747
1187 3161
1187 370
1190 3000
1190 1506
1191 1409
1191 2427
1194 1624
1194 1639
1194 2427
1194 1357
1196 1216
1196 2645
1198 1260
1198 1033
1199 80
1199 2849
1201 1819
1203 1952
1203 1952
1204 2887
1204 1795
1204 2761
1204 224
1205 1729
1209 1653
1210 25
1210 1920
1210 2874
1213 120
1213 563
1216 334
1216 2833
1216 1531
1218 2264
1219 136
1219 802
1221 1202
1221 1988
1222 1565
1224 105
1231 75
1231 2849
1232 746
1232 1624
1233 419
1238 159
1238 419
1240 1266
1240 1225
1242 45
1243 419
1244 213
1245 1206
1246 23
1248 482
1249 416
1250 9
1253 88
1253 1331
1253 852
1254 1429
1255 247
1256 5
1256 563
1259 1636
1259 3044
1260 1911
1260 232
1261 107
1265 11
1265 130
1267 1221
1268 1280
1270 179
1271 61
1271 1175
1272 2361
1272 1506
1272 1624
1274 587
1274 1952
1279 115
1282 419
1283 106
1283 1151
1283 1266
1283 1225
1284 1624
1287 172
1288 2427
1289 1714
1289 2769
1289 1796
1292 104
1295 84
1296 1206
1297 1624
1297 370
1298 1764
1300 1206
1302 751
1302 905
1302 1891
1305 1721
1305 1796
1305 1722
1306 5
1307 419
1308 1764
1313 146
1316 1341
1316 587
1316 1225
1316 1796
1316 213
1319 454
1320 1468
1324 109
1324 1911
1326 419
1329 419
1330 1324
1331 1988
1331 1796
1331 1878
1332 1033
1333 3166
1334 1280
1336 746
1336 1624
1336 1639
1337 2518
1339 1414
1340 367
1344 418
1344 1634
1346 2464
1346 1530
1348 1557
1349 1568
1351 420
1351 2831
1353 1534
1357 1357
1357 2594
1358 1385
1359 248
1359 1534
1362 2088
1365 1533
1365 1597
1365 1616
1365 2019
1368 8
1368 2636
1369 2990
1370 1462
1370 1714
1370 447
1370 1511
1372 282
1374 2057
1375 319
1375 1430
1375 2409
1376 247
1378 444
1378 1414
1380 1400
1389 2048
1390 1568
1391 246
1391 1518
1395 297
1395 1518
1395 2026
1396 2656
1397 272
1397 1457
1398 1316
1398 1219
1399 345
1399 294
1400 248
1402 1565
1403 435
1403 2599
1403 2515
1403 2671
1404 1309
1404 431
1405 1528
1406 482
1406 1639
1407 422
1408 1614
1408 1634
1408 2088
1409 2427
1410 782
1411 323
1412 1616
1412 2640
1412 319
1412 278
1414 2604
1414 1568
1415 1568
1416 2421
1416 2409
1418 1468
1420 1518
1420 2521
1421 278
1422 1163
1423 2548
1423 1601
1423 663
1424 482
1424 1357
1424 1429
1424 1357
1425 1565
1428 2518
1428 2636
1429 2594
1432 820
1432 1476
1433 2302
1433 1572
1434 1634
1435 1568
1435 1614
1436 441
1442 2361
1442 1340
1444 264
1450 275
1450 1634
1451 1529
1453 327
1453 2518
1453 321
1453 1634
1454 106
1457 2604
1457 1568
1457 2057
1458 1462
1458 247
1459 294
1460 1340
1467 447
1469 1400
1472 1400
1476 299
1476 1462
1480 288
1481 370
1481 1634
1483 321
1483 2636
1483 2331
1483 294
1485 2057
1488 3050
1489 2640
1489 1467
1489 1609
1490 0
1490 2024
1490 2024
1491 1491
1493 669
1495 375
1497 1634
1498 264
1499 1532
1499 2548
1499 296
1499 663
1501 1614
1502 2061
1502 376
1505 363
1506 1345
1507 2640
1507 2019
1507 278
1510 1400
1513 45
1513 2490
1513 323
1514 321
1514 294
1516 1512
1516 322
1517 2670
1518 2521
1518 2026
1519 271
1521 357
1521 465
1521 390
1521 1576
1521 1495
1521 1450
1522 136
1524 304
1526 2452
1528 701
1529 444
1529 2592
1530 319
1530 433
1530 1430
1530 710
1531 211
1531 1534
1531 2521
1532 296
1532 2548
1533 278
1535 131
1538 455
1540 416
1541 1624
1542 370
1542 419
1545 17
1548 1568
1549 380
1549 2490
1553 2072
1554 341
1555 1514
1555 1571
1556 2682
1556 278
1557 278
1559 2640
1559 1467
1559 1609
1560 1952
1561 297
1563 2515
1563 1531
1564 2056
1565 497
1565 1565
1565 1479
1565 397
1566 1387
1569 294
1571 74
1571 321
1571 1634
1571 2331
1571 294
1573 1467
1573 1609
1573 278
1574 675
1574 347
1574 2055
1574 2642
1574 296
1575 359
1576 382
1581 460
1585 1568
1585 304
1586 419
1587 2011
1589 133
1589 1624
1591 394
1593 432
1593 2548
1595 323
1597 446
1597 2019
1597 1356
1599 2768
1600 107
1600 419
1601 456
1602 146
1604 474
1604 2604
1607 145
1608 2284
1608 2548
1609 2019
1610 1454
1610 363
1611 154
1612 1568
1614 2636
1614 2088
1614 294
1616 278
1619 1601
1619 663
1619 437
1620 2361
1620 2055
1621 63
1621 1624
1622 701
1623 2464
1624 2427
1624 1429
1627 419
1628 708
1629 1487
1630 1511
1631 2469
1631 1852
1632 444
1632 1568
1633 2361
1637 169
1637 1597
1637 2640
1637 1467
1637 2019
1639 482
1640 1466
1645 1695
1648 787
1651 1698
1654 1798
1654 797
1654 1891
1654 1289
1654 1714
1658 544
1659 2974
1660 617
1662 238
1662 1729
1662 574
1663 1735
1664 922
1664 1695
1665 123
1666 1714
1669 1721
1669 1695
1670 1757
1672 1867
1672 1796
1673 765
1674 1722
1675 1266
1676 1654
1676 983
1676 797
1678 871
1678 766
1678 2769
1678 1898
1682 755
1682 751
1682 1894
1682 1819
1683 1756
1683 1796
1683 1698
1690 1648
1690 1648
1690 1648
1692 1651
1693 1653
1694 1795
1694 1789
1694 1756
1695 665
1695 1757
1696 1891
1696 1789
1696 2769
1696 1796
1697 2945
1697 1797
1697 1729
1699 665
1705 1796
1706 1653
1709 679
1712 1756
1714 1651
1714 1796
1715 1683
1715 1796
1715 1698
1716 1769
1718 1796
1720 649
1720 2807
1720 1698
1722 1698
1722 1648
1723 213
1723 2735
1724 1289
1726 108
1726 3047
1729 574
1735 1648
1735 1648
1736 2888
1736 1830
1736 1795
1736 1789
1736 1796
1736 2848
1737 679
1738 1830
1738 1789
1738 1796
1738 2848
1738 2807
1741 1796
1745 1796
1747 2807
1751 1746
1751 1872
1751 1721
1751 1756
1751 1796
1754 1891
1755 679
1755 1796
1756 1796
1756 2807
1758 1722
1758 1868
1760 1734
1762 1750
1764 557
1764 2848
1774 797
1776 649
1777 151
1777 1682
1777 2848
1780 108
1781 1714
1781 2848
1781 1698
1783 52
1784 232
1785 665
1786 569
1787 1654
1787 751
1787 797
1787 1891
1787 825
1788 789
1789 1796
1789 2807
1790 1750
1792 2769
1792 1764
1792 1225
1792 2848
1792 1698
1794 755
1794 1735
1794 1819
1795 1789
1795 2848
1795 2807
1796 2807
1802 2810
1805 765
1809 1651
1810 1698
1812 797
1812 766
1812 1891
1814 107
1814 2876
1814 1658
1816 636
1818 2807
1819 1706
1819 1714
1821 238
1821 1729
1822 1735
1823 2807
1825 1655
1826 759
1829 1789
1830 1789
1830 1721
1830 1796
1830 2807
1834 1729
1835 1796
1836 566
1837 1735
1838 2848
1839 120
1840 1891
1843 1778
1844 2913
1845 1796
1845 2848
1845 1695
1847 1698
1848 584
1852 1796
1857 531
1862 139
1862 1648
1862 1648
1862 1648
1863 1681
1865 871
1868 1648
1868 1648
1871 1795
1872 674
1872 1796
1872 2807
1877 1653
1880 614
1881 1648
1881 1648
1881 1648
1882 2848
1884 2775
1885 1769
1886 1260
1887 1767
1889 547
1890 1891
1890 1921
1892 2848
1893 2768
1893 1681
1893 1796
1894 1746
1895 1260
1898 1883
1902 1852
1902 1796
1903 797
1903 1891
1904 1655
1907 91
1909 682
1910 1796
1911 213
1911 2735
1912 2877
1912 935
1912 1757
1913 1750
1914 2807
1915 1796
1919 108
1919 3047
1919 213
1924 1867
1926 1694
1926 1698
1926 1691
1927 1681
1929 1648
1929 1648
1930 1867
1930 1796
1930 2848
1933 65
1935 1698
1936 2008
1938 1911
1941 2005
1941 2005
1943 617
1945 129
1949 108
1951 827
1953 109
1954 2043
1954 2072
1954 2072
1957 955
1961 1920
1969 213
1969 2735
1969 1175
1971 1
1977 722
1979 559
1982 928
1982 549
1982 3189
1983 2769
1984 9
1989 123
1989 3070
1992 2005
1992 2005
1993 1993
1996 98
1996 574
1997 72
1998 557
2013 2053
2013 2666
2013 363
2013 2053
2013 271
2014 2047
2018 2088
2019 153
2019 1356
2020 321
2020 294
2022 298
2022 2090
2024 0
2026 97
2027 1531
2028 2087
2028 2005
2028 2005
2029 347
2029 2759
2029 2642
2029 296
2029 2059
2029 2059
2030 2005
2030 2087
2031 518
2031 294
2032 1534
2033 2047
2034 876
2034 2059
2035 2084
2035 2072
2036 955
2037 2037
2037 2034
2038 2043
2039 1568
2041 298
2041 288
2043 2045
2043 2072
2045 2084
2048 2059
2049 2028
2049 2087
2049 2087
2050 363
2051 955
2053 106
2053 271
2055 296
2056 2099
2057 2057
2058 1397
2058 272
2059 2037
2059 2034
2061 1345
2061 230
2063 2105
2065 1156
2065 3179
2065 2065
2065 2106
2065 2053
2066 474
2067 2036
2068 457
2069 2090
2069 2072
2071 106
2071 2071
2071 2053
2071 363
2071 2053
2071 271
2072 0
2072 2024
2072 2024
2073 2087
2074 2074
2075 2059
2075 2059
2075 298
2077 339
2077 298
2077 2540
2078 298
2078 2090
2078 2043
2081 343
2082 304
2084 2023
2086 112
2086 2072
2086 2024
2086 2024
2087 2087
2088 246
2088 640
2089 211
2089 2521
2091 347
2091 2055
2091 2642
2091 2037
2091 296
2091 2059
2091 2059
2091 2037
2092 2078
2098 2092
2098 2078
2098 298
2101 367
2102 363
2103 1568
2104 2087
2104 2005
2104 2005
2104 2087
2105 2072
2105 2072
2106 2087
2111 2249
2117 19
2119 32
2119 2252
2119 2153
2120 19
2122 112
2125 85
2126 54
2126 2249
2128 2212
2130 2146
2132 148
2135 2249
2137 98
2138 72
2139 19
2140 72
2141 45
2143 2212
2143 2110
2144 2188
2146 45
2149 2153
2154 2262
2161 609
2162 27
2165 98
2167 145
2168 2259
2169 60
2172 145
2173 46
2173 2204
2183 156
2187 2167
2187 2164
2189 5
2189 1767
2190 2262
2197 776
2199 2153
2199 2171
2199 2124
2202 112
2205 2218
2206 72
2209 119
2209 2133
2210 2110
2212 596
2212 2249
2213 1194
2215 2252
2216 72
2220 238
2223 112
2223 2231
2224 2230
2227 2228
2232 115
2237 2188
2238 2243
2239 63
2239 2251
2240 60
2241 112
2241 2230
2242 2183
2258 2167
2262 72
2264 45
2265 3172
2266 2169
2271 68
2274 272
2275 2640
2275 1467
2275 2019
2276 1184
2277 1531
2281 1485
2281 2450
2281 7
2283 2636
2283 2088
2283 460
2284 2548
2284 663
2284 2088
2285 2072
2285 1546
2285 1417
2285 2023
2288 1004
2289 1367
2292 2331
2295 1363
2298 1156
2298 2087
2299 1568
2300 2311
2300 1534
2301 1139
2302 248
2303 1920
2305 2636
2305 1634
2306 1565
2307 2687
2307 441
2309 2687
2309 2859
2309 441
2310 482
2311 1534
2311 1518
2311 2026
2312 419
2315 2548
2316 322
2317 1375
2317 1476
2317 2409
2318 231
2318 2489
2318 2633
2318 321
2318 2088
2318 294
2319 1632
2319 1397
2322 2464
2324 319
2325 230
2328 1568
2329 272
2331 294
2334 1639
2336 1547
2336 2062
2338 585
2339 136
2344 118
2346 333
2348 191
2350 2640
2350 1467
2350 2019
2351 145
2351 419
2352 303
2354 2518
2356 250
2356 663
2357 1624
2359 101
2362 1400
2362 1531
2363 390
2363 1576
2363 1495
2364 1409
2366 2464
2369 464
2371 267
2372 1198
2372 1531
2373 276
2373 1565
2373 1417
2374 1331
2375 248
2377 0
2378 1345
2379 2548
2380 1400
2381 2450
2381 2308
2381 2493
2381 3025
2382 134
2384 1534
2385 306
2388 269
2390 137
2390 1269
2390 982
2392 413
2393 1531
2394 695
2399 1477
2401 444
2402 61
2403 1506
2404 1184
2407 3044
2409 323
2411 1622
2412 11
2413 1400
2413 333
2413 248
2415 65
2415 2284
2415 2088
2416 1466
2416 2076
2417 1340
2417 367
2417 419
2418 370
2420 1623
2421 446
2421 356
2421 2409
2421 1280
2421 323
2423 2669
2423 1576
2425 107
2427 370
2428 1637
2428 1597
2428 2640
2428 1467
2429 444
2429 1414
2430 159
2430 1624
2433 69
2434 247
2434 1429
2435 2671
2435 1531
2438 1363
2444 117
2445 444
2445 1414
2446 69
2448 936
2450 7
2450 1624
2450 1639
2450 416
2451 2548
2452 2345
2453 419
2454 97
2455 482
2455 2427
2461 24
2463 1447
2465 2305
2465 2031
2470 1528
2470 701
2472 2548
2472 1601
2472 663
2473 61
2473 1639
2473 2427
2474 213
2474 1444
2474 264
2475 1429
2476 1205
2476 82
2478 663
2478 437
2481 1400
2482 1414
2483 419
2485 1414
2489 1514
2489 669
2489 1571
2489 321
2489 294
2490 323
2492 267
2493 1634
2496 55
2497 397
2502 230
2503 323
2504 134
2505 2484
2509 125
2510 2088
2511 307
2512 272
2512 1457
2513 701
2514 367
2514 419
2515 52
2515 3025
2515 348
2516 1416
2516 2421
2516 2409
2517 2670
2517 460
2518 1634
2519 2084
2524 2548
2525 136
2528 1911
2528 213
2531 2464
2533 305
2533 278
2534 382
2536 1539
2539 756
2539 444
2539 1568
2540 1206
2540 276
2541 1400
2544 2518
2548 1547
2549 2701
2549 137
2550 1614
2551 343
2552 288
2554 2633
2554 1571
2554 321
2554 294
2555 41
2556 3025
2556 348
2557 2548
2557 363
2560 256
2561 1636
2561 158
2561 444
2563 30
2564 158
2564 7
2567 86
2568 326
2569 444
2571 94
2572 255
2572 1467
2574 1340
2574 1531
2577 1568
2578 1454
2579 1891
2580 1206
2581 2521
2583 403
2583 146
2584 2831
2584 1568
2585 2640
2585 1467
2585 1609
2585 2019
2585 447
2586 1506
2586 2061
2586 1345
2588 1593
2588 363
2589 1417
2591 2452
2592 294
2594 419
2596 1457
2596 1568
2598 2633
2598 1571
2598 321
2598 294
2599 2599
2599 2515
2599 3025
2599 348
2601 246
2603 514
2603 1576
2604 2604
2604 1568
2604 2057
2606 159
2606 1624
2606 2849
2608 1206
2608 585
2611 321
2614 448
2615 419
2616 2610
2618 438
2619 1568
2620 510
2620 444
2620 1414
2620 2604
2623 1624
2625 375
2625 1405
2625 1425
2625 1296
2626 221
2626 230
2631 152
2631 1400
2632 482
2632 1639
2632 1357
2632 1429
2632 1357
2633 1514
2633 1571
2633 2636
2633 321
2633 2636
2633 294
2634 2304
2634 1400
2635 73
2636 294
2637 9
2640 2640
2643 1375
2648 1601
2648 663
2648 437
2654 2518
2655 367
2657 1568
2664 2059
2664 876
2664 2059
2665 1
2666 363
2668 107
2668 1714
2669 1495
2671 1531
2672 2019
2676 470
2677 264
2679 1220
2682 663
2682 437
2682 2062
2683 2666
2683 363
2683 1363
2686 1511
2689 1789
2689 1796
2690 2057
2692 448
2693 2102
2693 2548
2694 2011
2695 1681
2695 2807
2696 789
2697 132
2697 789
2699 52
2700 124
2703 91
2703 917
2704 1729
2707 1764
2709 58
2709 1789
2709 1796
2709 1878
2711 1830
2712 441
2714 1796
2717 554
2717 224
2717 79
2717 114
2718 1721
2718 1796
2722 1778
2723 1491
2724 1324
2724 3047
2725 1699
2725 2848
2727 1245
2727 5
2727 1206
2728 2437
2730 132
2730 1316
2730 1186
2732 145
2733 1796
2733 1729
2734 101
2736 357
2738 1796
2738 2807
2741 2548
2741 437
2741 1565
2742 1389
2743 958
2743 9
2744 1921
2748 1511
2748 1356
2750 224
2751 745
2751 1942
2751 3047
2751 1653
2752 1400
2753 1829
2753 2913
2753 1795
2753 1789
2753 1796
2754 108
2759 1593
2759 2642
2759 296
2760 1812
2760 814
2760 766
2761 1429
2763 2807
2766 94
2768 2807
2769 1651
2770 57
2770 1902
2771 1541
2772 1891
2772 1289
2772 2769
2775 1769
2776 1898
2776 1797
2778 665
2780 27
2780 789
2780 1796
2782 104
2783 797
2783 1891
2784 1245
2784 1206
2785 27
2786 751
2786 2913
2786 1819
2786 1891
2792 341
2794 1735
2794 1683
2794 1796
2794 2848
2796 54
2797 2807
2800 178
2800 1624
2801 1004
2802 186
2803 1735
2804 238
2804 1729
2805 78
2806 784
2808 269
2808 2076
2809 799
2809 827
2809 1225
2811 1400
2813 52
2817 136
2817 1796
2819 3207
2820 802
2821 1624
2821 1429
2823 1796
2824 650
2824 1796
2827 1299
2832 97
2833 367
2833 1531
2834 2604
2835 705
2835 1506
2836 1796
2838 724
2841 1017
2841 1734
2842 622
2843 1476
2845 707
2845 1582
2845 707
2846 94
2848 2807
2848 1695
2851 1675
2853 1735
2856 24
2857 1400
2858 1568
2858 2872
2861 43
2862 1654
2862 983
2862 797
2862 1891
2862 1289
2864 2518
2864 1338
2866 110
2866 2794
2866 2989
2866 2887
2866 1795
2866 224
2868 1891
2868 1289
2868 1714
2868 2769
2870 1722
2871 2640
2871 323
2874 1681
2874 1729
2877 935
2879 1331
2882 1760
2882 2982
2882 1734
2883 864
2883 1225
2885 1721
2885 1769
2885 2848
2887 2761
2887 224
2888 1683
2888 1796
2888 2848
2889 1734
2889 3120
2889 1293
2893 657
2893 1414
2897 1731
2897 1769
2897 2848
2899 682
2899 1891
2899 1681
2901 1544
2904 547
2906 89
2906 2645
2908 407
2909 3047
2910 864
2913 1819
2913 1891
2913 1714
2913 1796
2914 665
2914 1648
2914 1648
2915 101
2919 623
2920 1624
2921 298
2922 957
2922 1871
2922 1775
2923 569
2924 3193
2925 789
2925 802
2928 2827
2931 1324
2932 766
2933 1653
2935 876
2936 1266
2937 910
2937 1928
2937 2409
2937 2837
2937 2847
2938 1734
2939 404
2940 3
2941 1796
2944 614
2945 910
2946 1735
2948 1796
2950 700
2951 58
2951 1331
2951 1921
2951 1796
2951 2848
2951 1878
2953 852
2954 69
2954 213
2954 2735
2954 2849
2957 416
2958 27
2959 1796
2962 11
2962 130
2963 699
2969 2604
2971 1675
2973 2858
2973 1583
2975 21
2977 1796
2980 1848
2981 460
2983 66
2983 1823
2983 1796
2985 2657
2986 1734
2987 2944
2987 1769
2989 224
2990 1280
2991 448
2993 1735
2994 2640
2994 1467
2994 710
2994 1557
2995 1556
2995 1616
2996 1819
2996 1891
2998 276
2998 2497
3000 2626
3000 1506
3000 2061
3000 2623
3002 950
3002 1694
3002 1789
3006 910
3007 1764
3007 1921
3007 2848
3011 32
3014 419
3017 1184
3018 809
3022 123
3023 660
3024 1504
3024 1181
3024 563
3027 172
3027 1729
3027 416
3028 1624
3031 971
3033 1706
3033 3047
3035 3025
3036 1300
3036 1878
3037 307
3039 2594
3042 1653
3043 56
3046 534
3047 213
3048 755
3048 1624
3048 1639
3051 419
3052 1280
3055 864
3055 1942
3057 307
3057 864
3057 1183
3057 1151
3057 1683
3058 1245
3058 1206
3059 971
3059 159
3061 1194
3061 1624
3062 746
3064 660
3066 617
3066 232
3067 126
3068 238
3068 1729
3068 416
3071 232
3074 2942
3074 1767
3076 1988
3077 25
3078 454
3079 141
3079 159
3080 213
3083 738
3084 362
3084 1531
3084 1534
3088 1624
3092 40
3092 130
3092 1624
3099 133
3102 634
3102 2807
3104 110
3105 38
3105 1624
3105 2849
3107 978
3107 2167
3107 1778
3116 36
3121 1557
3123 1648
3123 1648
3124 2735
3124 1698
3127 1908
3132 1169
3133 3189
3133 2942
3146 1952
3152 1920
3152 1756
3153 1729
3153 574
3154 1260
3157 2249
3161 1169
3163 1012
3164 1131
3170 134
3172 1767
3174 2106
3174 2087
3174 2087
3178 604
3180 883
3184 617
3185 557
3188 3176
3189 28
3189 1767
3190 949
3197 2807
3201 617
3203 551
3205 3205
3205 1714
3206 213
3209 747
3209 552
