6 0
6 1
6 2
6 3
6 4
6 5
6 6
6 7
6 8
6 9
6 10
6 11
6 12
6 13
6 14
6 15
6 16
6 17
6 18
6 19
6 20
6 21
6 22
6 23
6 24
6 25
6 26
6 27
6 28
6 29
6 30
6 31
6 32
6 33
6 34
6 35
6 36
6 37
6 38
6 39
6 40
6 41
6 42
6 43
6 44
6 45
6 46
6 47
6 48
6 49
6 50
6 51
6 52
6 53
6 54
6 55
6 56
6 57
6 58
6 59
6 60
6 61
6 62
6 63
6 64
6 65
6 66
6 67
6 68
6 69
6 70
6 71
6 72
6 73
6 74
6 75
6 76
6 77
6 78
6 79
6 80
6 81
6 82
6 83
6 84
6 85
6 86
6 87
6 88
6 89
6 90
6 91
6 92
6 93
6 94
6 95
6 96
6 97
6 98
6 99
6 100
6 101
6 102
6 103
6 104
6 105
6 106
6 107
6 108
6 109
6 110
6 111
6 112
6 113
6 114
6 115
6 116
6 117
6 118
6 119
6 120
6 121
6 122
6 123
6 124
6 125
6 126
6 127
6 128
6 129
6 130
6 131
6 132
6 133
6 134
6 135
6 136
6 137
6 138
6 139
6 140
6 141
6 142
6 143
6 144
6 145
6 146
6 147
6 148
6 149
6 150
6 151
6 152
6 153
6 154
6 155
6 156
6 157
6 158
6 159
6 160
6 161
6 162
6 163
6 164
6 165
6 166
6 167
6 168
6 169
6 170
6 171
6 172
6 173
6 174
6 175
6 176
6 177
6 178
6 179
6 180
6 181
6 182
6 183
6 184
6 185
6 186
6 187
6 188
6 189
6 190
6 191
6 192
6 193
6 194
6 195
6 196
6 197
6 198
6 199
6 200
6 201
6 202
6 203
6 204
6 205
6 206
6 207
6 208
6 209
6 210
6 211
6 212
6 213
6 214
6 215
6 216
6 217
6 218
6 219
6 220
6 221
6 222
6 223
6 224
6 225
6 226
6 227
6 228
6 229
6 230
6 231
6 232
6 233
6 234
6 235
6 236
6 237
6 238
6 239
6 240
6 241
6 242
6 243
6 244
15 245
15 246
15 247
15 248
15 249
15 250
15 251
15 252
15 253
15 254
15 255
15 256
15 257
15 258
15 259
15 260
15 261
15 262
15 263
15 264
15 265
15 266
15 267
15 268
15 269
15 270
15 271
15 272
15 273
15 274
15 275
15 276
15 277
15 278
15 279
15 280
15 281
15 282
15 283
15 284
15 285
15 286
15 287
15 288
15 289
15 290
15 291
15 292
15 293
15 294
15 295
15 296
15 297
15 298
15 299
15 300
15 301
15 302
15 303
15 304
15 305
15 306
15 307
15 308
15 309
15 310
15 311
15 312
15 313
15 314
15 315
15 316
15 317
15 318
15 319
15 320
15 321
15 322
15 323
15 324
15 325
15 326
15 327
15 328
15 329
15 330
15 331
15 332
15 333
15 334
15 335
15 336
15 337
15 338
15 339
15 340
15 341
15 342
15 343
15 344
15 345
15 346
15 347
15 348
15 349
15 350
15 351
15 352
15 353
15 354
15 355
15 356
15 357
15 358
15 359
15 360
15 361
15 362
15 363
15 364
15 365
15 366
15 367
15 368
15 369
15 370
15 371
15 372
15 373
15 374
15 375
15 376
15 377
15 378
15 379
15 380
15 381
15 382
15 383
15 384
15 385
15 386
15 387
15 388
15 389
15 390
15 391
15 392
15 393
15 394
15 395
15 396
15 397
15 398
15 399
15 400
15 401
15 402
15 403
15 404
15 405
15 406
15 407
15 408
15 409
15 410
15 411
15 412
15 413
15 414
15 415
15 416
15 417
15 418
15 419
15 420
15 421
15 422
15 423
15 424
15 425
15 426
15 427
15 428
15 429
15 430
15 431
15 432
15 433
15 434
15 435
15 436
15 437
15 438
15 439
15 440
15 441
15 442
15 443
15 444
15 445
15 446
15 447
15 448
15 449
15 450
15 451
15 452
15 453
15 454
15 455
15 456
15 457
15 458
15 459
15 460
15 461
15 462
15 463
15 464
15 465
15 466
17 467
17 468
17 469
17 470
17 471
17 472
17 473
17 474
17 475
17 476
17 477
17 478
17 479
17 480
17 481
17 482
17 483
17 484
17 485
17 486
17 487
17 488
17 489
17 490
17 491
17 492
17 493
17 494
17 495
17 496
17 497
17 498
17 499
17 500
17 501
17 502
17 503
17 504
17 505
17 506
17 507
17 508
17 509
17 510
17 511
17 512
17 513
17 514
17 515
17 516
17 517
17 518
17 519
17 520
17 521
17 522
7 523
7 524
7 525
7 526
7 527
7 528
7 529
7 530
7 531
7 532
7 533
7 534
7 535
7 536
7 537
7 538
7 539
7 540
7 541
7 542
7 543
7 544
7 545
7 546
7 547
7 548
7 549
7 550
7 551
7 552
7 553
7 554
7 555
7 556
7 557
7 558
7 559
7 560
7 561
7 562
7 563
7 564
7 565
7 566
7 567
7 568
7 569
7 570
7 571
7 572
7 573
7 574
7 575
7 576
7 577
7 578
7 579
7 580
7 581
7 582
7 583
7 584
7 585
7 586
7 587
7 588
7 589
7 590
7 591
7 592
7 593
7 594
7 595
7 596
7 597
7 598
7 599
7 600
7 601
7 602
7 603
7 604
7 605
7 606
7 607
7 608
7 609
7 610
7 611
7 612
7 613
7 614
7 615
7 616
7 617
7 618
7 619
7 620
7 621
4 622
4 623
4 624
4 625
4 626
4 627
4 628
4 629
4 630
4 631
4 632
4 633
4 634
4 635
4 636
4 637
4 638
4 639
4 640
4 641
4 642
4 643
4 644
4 645
4 646
4 647
4 648
4 649
4 650
4 651
4 652
4 653
4 654
4 655
4 656
4 657
4 658
4 659
4 660
4 661
4 662
4 663
4 664
4 665
4 666
4 667
4 668
4 669
4 670
4 671
4 672
4 673
4 674
4 675
4 676
4 677
4 678
4 679
4 680
4 681
4 682
4 683
4 684
4 685
4 686
4 687
4 688
4 689
4 690
4 691
4 692
4 693
4 694
4 695
4 696
4 697
4 698
4 699
4 700
4 701
4 702
4 703
4 704
4 705
4 706
4 707
4 708
4 709
4 710
4 711
4 712
4 713
4 714
4 715
4 716
4 717
4 718
4 719
4 720
4 721
4 722
4 723
4 724
4 725
4 726
4 727
4 728
4 729
4 730
4 731
4 732
4 733
4 734
4 735
16 736
16 737
16 738
16 739
16 740
16 741
16 742
16 743
16 744
16 745
16 746
16 747
16 748
16 749
16 750
16 751
16 752
16 753
16 754
16 755
16 756
16 757
16 758
16 759
16 760
16 761
16 762
16 763
16 764
16 765
16 766
16 767
16 768
16 769
16 770
16 771
16 772
16 773
16 774
16 775
16 776
16 777
16 778
16 779
16 780
16 781
16 782
16 783
16 784
16 785
16 786
16 787
16 788
16 789
16 790
16 791
16 792
16 793
16 794
16 795
16 796
16 797
16 798
16 799
16 800
16 801
16 802
16 803
16 804
16 805
16 806
16 807
16 808
16 809
16 810
16 811
16 812
16 813
16 814
16 815
16 816
16 817
16 818
16 819
16 820
16 821
16 822
16 823
16 824
16 825
16 826
16 827
16 828
16 829
16 830
16 831
16 832
16 833
16 834
16 835
16 836
16 837
16 838
16 839
16 840
16 841
16 842
16 843
16 844
16 845
16 846
16 847
16 848
16 849
16 850
16 851
16 852
16 853
16 854
16 855
16 856
16 857
16 858
16 859
16 860
16 861
16 862
16 863
16 864
16 865
16 866
16 867
16 868
16 869
16 870
16 871
16 872
16 873
16 874
16 875
16 876
16 877
16 878
16 879
16 880
16 881
16 882
3 883
3 884
3 885
3 886
3 887
3 888
3 889
3 890
3 891
3 892
3 893
3 894
3 895
3 896
3 897
3 898
3 899
3 900
3 901
3 902
3 903
3 904
3 905
3 906
3 907
3 908
3 909
3 910
3 911
3 912
3 913
3 914
3 915
3 916
3 917
3 918
3 919
3 920
3 921
3 922
3 923
3 924
3 925
3 926
3 927
3 928
3 929
3 930
3 931
3 932
3 933
3 934
3 935
3 936
3 937
3 938
3 939
3 940
3 941
3 942
3 943
3 944
3 945
3 946
3 947
3 948
3 949
3 950
3 951
3 952
3 953
3 954
3 955
3 956
3 957
3 958
3 959
9 960
9 961
9 962
9 963
9 964
9 965
9 966
9 967
9 968
9 969
9 970
9 971
9 972
9 973
9 974
9 975
9 976
9 977
9 978
9 979
9 980
9 981
9 982
9 983
9 984
9 985
9 986
9 987
9 988
9 989
9 990
9 991
9 992
9 993
9 994
9 995
9 996
9 997
9 998
9 999
9 1000
9 1001
9 1002
9 1003
9 1004
9 1005
9 1006
9 1007
9 1008
9 1009
9 1010
9 1011
9 1012
9 1013
9 1014
9 1015
9 1016
9 1017
9 1018
9 1019
9 1020
9 1021
9 1022
9 1023
9 1024
9 1025
9 1026
9 1027
9 1028
9 1029
9 1030
9 1031
9 1032
9 1033
9 1034
9 1035
9 1036
9 1037
9 1038
9 1039
9 1040
9 1041
9 1042
9 1043
9 1044
9 1045
9 1046
9 1047
9 1048
9 1049
9 1050
9 1051
9 1052
9 1053
9 1054
9 1055
9 1056
9 1057
9 1058
9 1059
9 1060
9 1061
9 1062
9 1063
9 1064
9 1065
9 1066
9 1067
9 1068
9 1069
9 1070
9 1071
9 1072
9 1073
9 1074
9 1075
9 1076
9 1077
9 1078
9 1079
9 1080
9 1081
9 1082
9 1083
9 1084
9 1085
9 1086
9 1087
9 1088
9 1089
9 1090
9 1091
9 1092
9 1093
9 1094
9 1095
9 1096
9 1097
9 1098
9 1099
9 1100
9 1101
9 1102
9 1103
9 1104
9 1105
9 1106
9 1107
9 1108
9 1109
9 1110
9 1111
9 1112
9 1113
9 1114
9 1115
9 1116
9 1117
9 1118
9 1119
9 1120
9 1121
9 1122
9 1123
9 1124
9 1125
9 1126
9 1127
9 1128
9 1129
9 1130
9 1131
9 1132
9 1133
9 1134
9 1135
9 1136
9 1137
9 1138
9 1139
9 1140
9 1141
9 1142
9 1143
9 1144
9 1145
9 1146
9 1147
9 1148
9 1149
9 1150
9 1151
9 1152
9 1153
9 1154
9 1155
9 1156
9 1157
9 1158
9 1159
9 1160
9 1161
9 1162
9 1163
9 1164
9 1165
9 1166
9 1167
9 1168
9 1169
9 1170
9 1171
9 1172
9 1173
9 1174
9 1175
9 1176
9 1177
9 1178
9 1179
9 1180
9 1181
9 1182
9 1183
9 1184
9 1185
9 1186
9 1187
9 1188
9 1189
9 1190
9 1191
9 1192
9 1193
9 1194
9 1195
9 1196
9 1197
9 1198
9 1199
9 1200
9 1201
9 1202
9 1203
9 1204
9 1205
9 1206
9 1207
9 1208
9 1209
9 1210
9 1211
9 1212
9 1213
9 1214
9 1215
9 1216
9 1217
9 1218
9 1219
9 1220
9 1221
9 1222
9 1223
9 1224
9 1225
9 1226
9 1227
9 1228
9 1229
9 1230
9 1231
9 1232
9 1233
9 1234
9 1235
9 1236
9 1237
9 1238
9 1239
9 1240
9 1241
9 1242
9 1243
9 1244
9 1245
9 1246
9 1247
9 1248
9 1249
9 1250
9 1251
9 1252
9 1253
9 1254
9 1255
9 1256
9 1257
9 1258
9 1259
9 1260
9 1261
9 1262
9 1263
9 1264
9 1265
9 1266
9 1267
9 1268
9 1269
9 1270
9 1271
9 1272
9 1273
9 1274
9 1275
9 1276
9 1277
9 1278
9 1279
9 1280
9 1281
9 1282
9 1283
9 1284
9 1285
9 1286
9 1287
9 1288
9 1289
9 1290
9 1291
9 1292
9 1293
9 1294
9 1295
9 1296
9 1297
9 1298
9 1299
9 1300
9 1301
9 1302
9 1303
9 1304
9 1305
9 1306
9 1307
9 1308
9 1309
9 1310
9 1311
9 1312
9 1313
9 1314
9 1315
9 1316
9 1317
9 1318
9 1319
9 1320
9 1321
9 1322
9 1323
9 1324
9 1325
9 1326
9 1327
9 1328
9 1329
9 1330
9 1331
9 1332
9 1333
9 1334
9 1335
9 1336
14 1337
14 1338
14 1339
14 1340
14 1341
14 1342
14 1343
14 1344
14 1345
14 1346
14 1347
14 1348
14 1349
14 1350
14 1351
14 1352
14 1353
14 1354
14 1355
14 1356
14 1357
14 1358
14 1359
14 1360
14 1361
14 1362
14 1363
14 1364
14 1365
14 1366
14 1367
14 1368
14 1369
14 1370
14 1371
14 1372
14 1373
14 1374
14 1375
14 1376
14 1377
14 1378
14 1379
14 1380
14 1381
14 1382
14 1383
14 1384
14 1385
14 1386
14 1387
14 1388
14 1389
14 1390
14 1391
14 1392
14 1393
14 1394
14 1395
14 1396
14 1397
14 1398
14 1399
14 1400
14 1401
14 1402
14 1403
14 1404
14 1405
14 1406
14 1407
14 1408
14 1409
14 1410
14 1411
14 1412
14 1413
14 1414
14 1415
14 1416
14 1417
14 1418
14 1419
14 1420
14 1421
14 1422
14 1423
14 1424
14 1425
14 1426
14 1427
14 1428
14 1429
14 1430
14 1431
14 1432
14 1433
14 1434
14 1435
14 1436
14 1437
14 1438
14 1439
14 1440
14 1441
14 1442
14 1443
14 1444
14 1445
14 1446
14 1447
14 1448
14 1449
14 1450
14 1451
14 1452
14 1453
14 1454
14 1455
14 1456
14 1457
14 1458
14 1459
14 1460
14 1461
14 1462
14 1463
14 1464
14 1465
14 1466
14 1467
14 1468
14 1469
14 1470
14 1471
14 1472
14 1473
14 1474
14 1475
14 1476
14 1477
14 1478
14 1479
14 1480
14 1481
14 1482
14 1483
14 1484
14 1485
14 1486
14 1487
14 1488
14 1489
14 1490
14 1491
14 1492
14 1493
14 1494
14 1495
14 1496
14 1497
14 1498
14 1499
14 1500
14 1501
14 1502
14 1503
14 1504
14 1505
14 1506
14 1507
14 1508
14 1509
14 1510
14 1511
14 1512
14 1513
14 1514
14 1515
14 1516
14 1517
14 1518
14 1519
14 1520
14 1521
14 1522
14 1523
14 1524
14 1525
14 1526
14 1527
14 1528
14 1529
14 1530
14 1531
14 1532
14 1533
14 1534
14 1535
14 1536
14 1537
14 1538
14 1539
14 1540
14 1541
14 1542
14 1543
14 1544
14 1545
14 1546
14 1547
14 1548
14 1549
14 1550
14 1551
14 1552
14 1553
14 1554
14 1555
14 1556
14 1557
14 1558
14 1559
14 1560
14 1561
14 1562
14 1563
14 1564
14 1565
14 1566
14 1567
14 1568
14 1569
14 1570
14 1571
14 1572
14 1573
14 1574
14 1575
14 1576
14 1577
14 1578
14 1579
14 1580
14 1581
14 1582
14 1583
14 1584
14 1585
14 1586
14 1587
14 1588
14 1589
14 1590
14 1591
14 1592
14 1593
14 1594
14 1595
14 1596
14 1597
14 1598
14 1599
14 1600
14 1601
14 1602
14 1603
14 1604
14 1605
14 1606
14 1607
14 1608
14 1609
14 1610
14 1611
14 1612
14 1613
14 1614
14 1615
14 1616
14 1617
14 1618
14 1619
14 1620
14 1621
14 1622
14 1623
14 1624
14 1625
14 1626
14 1627
14 1628
14 1629
14 1630
14 1631
14 1632
14 1633
14 1634
14 1635
14 1636
14 1637
14 1638
14 1639
14 1640
13 1641
13 1642
13 1643
13 1644
13 1645
13 1646
13 1647
13 1648
13 1649
13 1650
13 1651
13 1652
13 1653
13 1654
13 1655
13 1656
13 1657
13 1658
13 1659
13 1660
13 1661
13 1662
13 1663
13 1664
13 1665
13 1666
13 1667
13 1668
13 1669
13 1670
13 1671
13 1672
13 1673
13 1674
13 1675
13 1676
13 1677
13 1678
13 1679
13 1680
13 1681
13 1682
13 1683
13 1684
13 1685
13 1686
13 1687
13 1688
13 1689
13 1690
13 1691
13 1692
13 1693
13 1694
13 1695
13 1696
13 1697
13 1698
13 1699
13 1700
13 1701
13 1702
13 1703
13 1704
13 1705
13 1706
13 1707
13 1708
13 1709
13 1710
13 1711
13 1712
13 1713
13 1714
13 1715
13 1716
13 1717
13 1718
13 1719
13 1720
13 1721
13 1722
13 1723
13 1724
13 1725
13 1726
13 1727
13 1728
13 1729
13 1730
13 1731
13 1732
13 1733
13 1734
13 1735
13 1736
13 1737
13 1738
13 1739
13 1740
13 1741
13 1742
13 1743
13 1744
13 1745
13 1746
13 1747
13 1748
13 1749
13 1750
13 1751
13 1752
13 1753
13 1754
13 1755
13 1756
13 1757
13 1758
13 1759
13 1760
13 1761
13 1762
13 1763
13 1764
13 1765
13 1766
13 1767
13 1768
13 1769
13 1770
13 1771
13 1772
13 1773
13 1774
13 1775
13 1776
13 1777
13 1778
13 1779
13 1780
13 1781
13 1782
13 1783
13 1784
13 1785
13 1786
13 1787
13 1788
13 1789
13 1790
13 1791
13 1792
13 1793
13 1794
13 1795
13 1796
13 1797
13 1798
13 1799
13 1800
13 1801
13 1802
13 1803
13 1804
13 1805
13 1806
13 1807
13 1808
13 1809
13 1810
13 1811
13 1812
13 1813
13 1814
13 1815
13 1816
13 1817
13 1818
13 1819
13 1820
13 1821
13 1822
13 1823
13 1824
13 1825
13 1826
13 1827
13 1828
13 1829
13 1830
13 1831
13 1832
13 1833
13 1834
13 1835
13 1836
13 1837
13 1838
13 1839
13 1840
13 1841
13 1842
13 1843
13 1844
13 1845
13 1846
13 1847
13 1848
13 1849
13 1850
13 1851
13 1852
13 1853
13 1854
13 1855
13 1856
13 1857
13 1858
13 1859
13 1860
13 1861
13 1862
13 1863
13 1864
13 1865
13 1866
13 1867
13 1868
13 1869
13 1870
13 1871
13 1872
13 1873
13 1874
13 1875
13 1876
13 1877
13 1878
13 1879
13 1880
13 1881
13 1882
13 1883
13 1884
13 1885
13 1886
13 1887
13 1888
13 1889
13 1890
13 1891
13 1892
13 1893
13 1894
13 1895
13 1896
13 1897
13 1898
13 1899
13 1900
13 1901
13 1902
13 1903
13 1904
13 1905
13 1906
13 1907
13 1908
13 1909
13 1910
13 1911
13 1912
13 1913
13 1914
13 1915
13 1916
13 1917
13 1918
13 1919
13 1920
13 1921
13 1922
13 1923
13 1924
13 1925
13 1926
13 1927
13 1928
13 1929
13 1930
13 1931
13 1932
13 1933
13 1934
13 1935
8 1936
8 1937
8 1938
8 1939
8 1940
8 1941
8 1942
8 1943
8 1944
8 1945
8 1946
8 1947
8 1948
8 1949
8 1950
8 1951
8 1952
8 1953
8 1954
8 1955
8 1956
8 1957
8 1958
8 1959
8 1960
8 1961
8 1962
8 1963
8 1964
8 1965
8 1966
8 1967
8 1968
8 1969
8 1970
8 1971
8 1972
8 1973
8 1974
8 1975
8 1976
8 1977
8 1978
8 1979
8 1980
8 1981
8 1982
8 1983
8 1984
8 1985
8 1986
8 1987
8 1988
8 1989
8 1990
8 1991
8 1992
8 1993
8 1994
8 1995
8 1996
8 1997
8 1998
8 1999
8 2000
8 2001
8 2002
8 2003
8 2004
8 2005
8 2006
8 2007
8 2008
8 2009
8 2010
8 2011
11 2012
11 2013
11 2014
11 2015
11 2016
11 2017
11 2018
11 2019
11 2020
11 2021
11 2022
11 2023
11 2024
11 2025
11 2026
11 2027
11 2028
11 2029
11 2030
11 2031
11 2032
11 2033
11 2034
11 2035
11 2036
11 2037
11 2038
11 2039
11 2040
11 2041
11 2042
11 2043
11 2044
11 2045
11 2046
11 2047
11 2048
11 2049
11 2050
11 2051
11 2052
11 2053
11 2054
11 2055
11 2056
11 2057
11 2058
11 2059
11 2060
11 2061
11 2062
11 2063
11 2064
11 2065
11 2066
11 2067
11 2068
11 2069
11 2070
11 2071
11 2072
11 2073
11 2074
11 2075
11 2076
11 2077
11 2078
11 2079
11 2080
11 2081
11 2082
11 2083
11 2084
11 2085
11 2086
11 2087
11 2088
11 2089
11 2090
11 2091
11 2092
11 2093
11 2094
11 2095
11 2096
11 2097
11 2098
11 2099
11 2100
11 2101
11 2102
11 2103
11 2104
11 2105
11 2106
11 2107
2 2108
2 2109
2 2110
2 2111
2 2112
2 2113
2 2114
2 2115
2 2116
2 2117
2 2118
2 2119
2 2120
2 2121
2 2122
2 2123
2 2124
2 2125
2 2126
2 2127
2 2128
2 2129
2 2130
2 2131
2 2132
2 2133
2 2134
2 2135
2 2136
2 2137
2 2138
2 2139
2 2140
2 2141
2 2142
2 2143
2 2144
2 2145
2 2146
2 2147
2 2148
2 2149
2 2150
2 2151
2 2152
2 2153
2 2154
2 2155
2 2156
2 2157
2 2158
2 2159
2 2160
2 2161
2 2162
2 2163
2 2164
2 2165
2 2166
2 2167
2 2168
2 2169
2 2170
2 2171
2 2172
2 2173
2 2174
2 2175
2 2176
2 2177
2 2178
2 2179
2 2180
2 2181
2 2182
2 2183
2 2184
2 2185
2 2186
2 2187
2 2188
2 2189
2 2190
2 2191
2 2192
2 2193
2 2194
2 2195
2 2196
2 2197
2 2198
2 2199
2 2200
2 2201
2 2202
2 2203
2 2204
2 2205
2 2206
2 2207
2 2208
2 2209
2 2210
2 2211
2 2212
2 2213
2 2214
2 2215
2 2216
2 2217
2 2218
2 2219
2 2220
2 2221
2 2222
2 2223
2 2224
2 2225
2 2226
2 2227
2 2228
2 2229
2 2230
2 2231
2 2232
2 2233
2 2234
2 2235
2 2236
2 2237
2 2238
2 2239
2 2240
2 2241
2 2242
2 2243
2 2244
2 2245
2 2246
2 2247
2 2248
2 2249
2 2250
2 2251
2 2252
2 2253
2 2254
2 2255
2 2256
2 2257
2 2258
2 2259
2 2260
2 2261
2 2262
2 2263
2 2264
2 2265
2 2266
2 2267
2 2268
2 2269
5 2270
5 2271
5 2272
5 2273
5 2274
5 2275
5 2276
5 2277
5 2278
5 2279
5 2280
5 2281
5 2282
5 2283
5 2284
5 2285
5 2286
5 2287
5 2288
5 2289
5 2290
5 2291
5 2292
5 2293
5 2294
5 2295
5 2296
5 2297
5 2298
5 2299
5 2300
5 2301
5 2302
5 2303
5 2304
5 2305
5 2306
5 2307
5 2308
5 2309
5 2310
5 2311
5 2312
5 2313
5 2314
5 2315
5 2316
5 2317
5 2318
5 2319
5 2320
5 2321
5 2322
5 2323
5 2324
5 2325
5 2326
5 2327
5 2328
5 2329
5 2330
5 2331
5 2332
5 2333
5 2334
5 2335
5 2336
5 2337
5 2338
5 2339
5 2340
5 2341
5 2342
5 2343
5 2344
5 2345
5 2346
5 2347
5 2348
5 2349
5 2350
5 2351
5 2352
5 2353
5 2354
5 2355
5 2356
5 2357
5 2358
5 2359
5 2360
5 2361
5 2362
5 2363
5 2364
5 2365
5 2366
5 2367
5 2368
5 2369
5 2370
5 2371
5 2372
5 2373
5 2374
5 2375
5 2376
5 2377
5 2378
5 2379
5 2380
5 2381
5 2382
5 2383
5 2384
5 2385
5 2386
5 2387
5 2388
5 2389
5 2390
5 2391
5 2392
5 2393
5 2394
5 2395
5 2396
5 2397
5 2398
5 2399
5 2400
5 2401
5 2402
5 2403
5 2404
5 2405
5 2406
5 2407
5 2408
5 2409
5 2410
5 2411
5 2412
5 2413
5 2414
5 2415
5 2416
5 2417
5 2418
5 2419
5 2420
5 2421
5 2422
5 2423
5 2424
5 2425
5 2426
5 2427
5 2428
5 2429
5 2430
5 2431
5 2432
5 2433
5 2434
5 2435
5 2436
5 2437
5 2438
5 2439
5 2440
5 2441
5 2442
5 2443
5 2444
5 2445
5 2446
5 2447
5 2448
5 2449
5 2450
5 2451
5 2452
5 2453
5 2454
5 2455
5 2456
5 2457
5 2458
5 2459
5 2460
5 2461
5 2462
5 2463
5 2464
5 2465
5 2466
5 2467
5 2468
5 2469
5 2470
5 2471
5 2472
5 2473
5 2474
5 2475
5 2476
5 2477
5 2478
5 2479
5 2480
5 2481
5 2482
5 2483
5 2484
5 2485
5 2486
5 2487
5 2488
5 2489
5 2490
5 2491
5 2492
5 2493
5 2494
5 2495
5 2496
5 2497
5 2498
5 2499
5 2500
5 2501
5 2502
5 2503
5 2504
5 2505
5 2506
5 2507
5 2508
5 2509
5 2510
5 2511
5 2512
5 2513
5 2514
5 2515
5 2516
5 2517
5 2518
5 2519
5 2520
5 2521
5 2522
5 2523
5 2524
5 2525
5 2526
5 2527
5 2528
5 2529
5 2530
5 2531
5 2532
5 2533
5 2534
5 2535
5 2536
5 2537
5 2538
5 2539
5 2540
5 2541
5 2542
5 2543
5 2544
5 2545
5 2546
5 2547
5 2548
5 2549
5 2550
5 2551
5 2552
5 2553
5 2554
5 2555
5 2556
5 2557
5 2558
5 2559
5 2560
5 2561
5 2562
5 2563
5 2564
5 2565
5 2566
5 2567
5 2568
5 2569
5 2570
5 2571
5 2572
5 2573
5 2574
5 2575
5 2576
5 2577
5 2578
5 2579
5 2580
5 2581
5 2582
5 2583
5 2584
5 2585
5 2586
5 2587
5 2588
5 2589
5 2590
5 2591
5 2592
5 2593
5 2594
5 2595
5 2596
5 2597
5 2598
5 2599
5 2600
5 2601
5 2602
5 2603
5 2604
5 2605
5 2606
5 2607
5 2608
5 2609
5 2610
5 2611
5 2612
5 2613
5 2614
5 2615
5 2616
5 2617
5 2618
5 2619
5 2620
5 2621
5 2622
5 2623
5 2624
5 2625
5 2626
5 2627
5 2628
5 2629
5 2630
5 2631
5 2632
5 2633
5 2634
5 2635
5 2636
5 2637
5 2638
5 2639
5 2640
5 2641
5 2642
5 2643
5 2644
5 2645
5 2646
5 2647
5 2648
5 2649
5 2650
5 2651
5 2652
5 2653
5 2654
5 2655
5 2656
5 2657
5 2658
5 2659
5 2660
5 2661
5 2662
5 2663
5 2664
5 2665
5 2666
5 2667
5 2668
5 2669
5 2670
5 2671
5 2672
5 2673
5 2674
5 2675
5 2676
5 2677
5 2678
5 2679
5 2680
5 2681
5 2682
5 2683
5 2684
1 2685
1 2686
1 2687
1 2688
1 2689
1 2690
1 2691
1 2692
1 2693
1 2694
1 2695
1 2696
1 2697
1 2698
1 2699
1 2700
1 2701
1 2702
1 2703
1 2704
1 2705
1 2706
1 2707
1 2708
1 2709
1 2710
1 2711
1 2712
1 2713
1 2714
1 2715
1 2716
1 2717
1 2718
1 2719
1 2720
1 2721
1 2722
1 2723
1 2724
1 2725
1 2726
1 2727
1 2728
1 2729
1 2730
1 2731
1 2732
1 2733
1 2734
1 2735
1 2736
1 2737
1 2738
1 2739
1 2740
1 2741
1 2742
1 2743
1 2744
1 2745
1 2746
1 2747
1 2748
1 2749
1 2750
1 2751
1 2752
1 2753
1 2754
1 2755
1 2756
1 2757
1 2758
1 2759
1 2760
1 2761
1 2762
1 2763
1 2764
1 2765
1 2766
1 2767
1 2768
1 2769
1 2770
1 2771
1 2772
1 2773
1 2774
1 2775
1 2776
1 2777
1 2778
1 2779
1 2780
1 2781
1 2782
1 2783
1 2784
1 2785
1 2786
1 2787
1 2788
1 2789
1 2790
1 2791
1 2792
1 2793
1 2794
1 2795
1 2796
1 2797
1 2798
1 2799
1 2800
1 2801
1 2802
1 2803
1 2804
1 2805
1 2806
1 2807
1 2808
1 2809
1 2810
1 2811
1 2812
1 2813
1 2814
1 2815
1 2816
1 2817
1 2818
1 2819
1 2820
1 2821
1 2822
1 2823
1 2824
1 2825
1 2826
1 2827
1 2828
1 2829
1 2830
1 2831
1 2832
1 2833
1 2834
1 2835
1 2836
1 2837
1 2838
1 2839
1 2840
1 2841
1 2842
1 2843
1 2844
1 2845
1 2846
1 2847
1 2848
1 2849
1 2850
1 2851
1 2852
1 2853
1 2854
1 2855
1 2856
1 2857
1 2858
1 2859
1 2860
1 2861
1 2862
1 2863
1 2864
1 2865
1 2866
1 2867
1 2868
1 2869
1 2870
1 2871
1 2872
1 2873
1 2874
1 2875
1 2876
1 2877
1 2878
1 2879
1 2880
1 2881
1 2882
1 2883
1 2884
1 2885
1 2886
1 2887
1 2888
1 2889
1 2890
1 2891
1 2892
1 2893
1 2894
1 2895
1 2896
1 2897
1 2898
1 2899
1 2900
1 2901
1 2902
1 2903
1 2904
1 2905
1 2906
1 2907
1 2908
1 2909
1 2910
1 2911
1 2912
1 2913
1 2914
1 2915
1 2916
1 2917
1 2918
1 2919
1 2920
1 2921
1 2922
1 2923
1 2924
1 2925
1 2926
1 2927
1 2928
1 2929
1 2930
1 2931
1 2932
1 2933
1 2934
1 2935
1 2936
1 2937
1 2938
1 2939
1 2940
1 2941
1 2942
1 2943
1 2944
1 2945
1 2946
1 2947
1 2948
1 2949
1 2950
1 2951
1 2952
1 2953
1 2954
1 2955
1 2956
1 2957
1 2958
1 2959
1 2960
1 2961
1 2962
1 2963
1 2964
1 2965
1 2966
1 2967
1 2968
1 2969
1 2970
1 2971
1 2972
1 2973
1 2974
1 2975
1 2976
1 2977
1 2978
1 2979
1 2980
1 2981
1 2982
1 2983
1 2984
1 2985
1 2986
1 2987
1 2988
1 2989
1 2990
1 2991
1 2992
1 2993
1 2994
1 2995
1 2996
1 2997
1 2998
1 2999
1 3000
1 3001
1 3002
1 3003
1 3004
1 3005
1 3006
1 3007
1 3008
1 3009
1 3010
1 3011
12 3012
12 3013
12 3014
12 3015
12 3016
12 3017
12 3018
12 3019
12 3020
12 3021
12 3022
12 3023
12 3024
12 3025
12 3026
12 3027
12 3028
12 3029
12 3030
12 3031
12 3032
12 3033
12 3034
12 3035
12 3036
12 3037
12 3038
12 3039
12 3040
12 3041
12 3042
12 3043
12 3044
12 3045
12 3046
12 3047
12 3048
12 3049
12 3050
12 3051
12 3052
12 3053
12 3054
12 3055
12 3056
12 3057
12 3058
12 3059
12 3060
12 3061
12 3062
12 3063
12 3064
12 3065
12 3066
12 3067
12 3068
12 3069
12 3070
12 3071
12 3072
12 3073
12 3074
12 3075
12 3076
12 3077
12 3078
12 3079
12 3080
12 3081
12 3082
12 3083
12 3084
12 3085
12 3086
12 3087
12 3088
12 3089
12 3090
12 3091
12 3092
12 3093
12 3094
12 3095
12 3096
12 3097
12 3098
12 3099
12 3100
12 3101
12 3102
12 3103
12 3104
12 3105
12 3106
12 3107
12 3108
12 3109
12 3110
0 3111
0 3112
0 3113
0 3114
0 3115
0 3116
0 3117
0 3118
0 3119
0 3120
0 3121
0 3122
0 3123
0 3124
0 3125
0 3126
0 3127
0 3128
0 3129
0 3130
0 3131
0 3132
0 3133
0 3134
0 3135
0 3136
0 3137
0 3138
0 3139
0 3140
0 3141
0 3142
0 3143
0 3144
0 3145
0 3146
0 3147
0 3148
0 3149
0 3150
0 3151
0 3152
0 3153
0 3154
0 3155
0 3156
0 3157
0 3158
0 3159
0 3160
0 3161
0 3162
0 3163
0 3164
0 3165
0 3166
0 3167
0 3168
0 3169
0 3170
0 3171
0 3172
0 3173
0 3174
0 3175
0 3176
0 3177
0 3178
0 3179
0 3180
0 3181
0 3182
0 3183
0 3184
0 3185
0 3186
0 3187
0 3188
0 3189
0 3190
0 3191
0 3192
0 3193
0 3194
0 3195
0 3196
0 3197
0 3198
0 3199
0 3200
0 3201
0 3202
0 3203
0 3204
0 3205
0 3206
0 3207
0 3208
0 3209
0 3210
0 3211
