f=0.1
   -0.0133
    0.0174
   -0.0126
   -0.0041
    0.0001
   -0.0001
   -0.0000
    0.0010
    0.0043
    0.0010
    0.0004

f=0.2
    0.0058
    0.0198
   -0.0056
    0.0080
    0.0002
   -0.0001
   -0.0000
   -0.0038
   -0.0010
    0.0018
   -0.0037

f=0.3
    0.0331
    0.0212
   -0.0051
    0.0068
    0.0003
   -0.0001
   -0.0000
   -0.0016
    0.0016
    0.0009
   -0.0027

f=0.4
    0.0652
    0.0217
   -0.0041
    0.0043
    0.0005
   -0.0001
   -0.0000
   -0.0034
    0.0035
    0.0005
   -0.0024

f=0.5
    0.0935
    0.0213
   -0.0023
    0.0039
    0.0007
   -0.0001
   -0.0000
   -0.0049
    0.0026
    0.0007
   -0.0032

f=0.6
    0.1286
    0.0194
   -0.0009
    0.0076
    0.0008
   -0.0001
   -0.0000
   -0.0079
   -0.0028
    0.0007
   -0.0021